[Running] python -u "/home/fms/jax_example/resnet50/flax_resnet50.py"
100

epoch: 1
test_acc= 0.002
epoch_time: 185.13513374328613
lr: 0.0200008
train_loss: 8.211211
train_accuracy: 0.0044
[482 584 482 536 983 343 482 708 275  90 780 780 226 378 226 780 924 275
 647 275 482 322 924 275 275 736 780 482 275 343 736 226 607 482 279 780
 226 973 496 607 226 584 396 607 378 226 780  84 226 584 261 780 780 378
 222 780 607 482 226 322 275 482 322 226 586 607 924 275 147 536 780 780
 275 607 322 607 482  14 584 708 549 780 378 496 584 322  70  88 780 584
 983 482 973 579 536 983 226 222 584 482]

epoch: 2
test_acc= 0.0102
epoch_time: 175.5548071861267
lr: 0.0400006
train_loss: 7.8997207
train_accuracy: 0.011525
[781 455  89 187 990 187 345 713  86 942 187 439 361 187 305 990  86 935
 781 366 985 154 437 713 746 336 892 990 990 990  84 807 187 187 437 903
 437 807 437 364 221 244 807 781 990 244 437 196 550 646 892 781 187 713
 261 990 781 937 550 187 221 440 781 980  33 640 437 990 550 364 411 411
 437 892 261  33 486 196 937 892 437 990 187 985 340 437 533 345 437 196
 437 985 196 896 935 437 780 746 455 935]

epoch: 3
test_acc= 0.011600001
epoch_time: 186.91547465324402
lr: 0.0600004
train_loss: 7.5871687
train_accuracy: 0.018575002
[894 261 970 567 318 718 106 122 983 718 780 742  13 127 549 401 567 742
 713 386 247 894 770 452 802  45 363   8 575 742  45 531 533 333 323 699
 318 938 800 284 894 599 377 111 718 315 318 367 718 713 401   8 718 531
 479 938 141   8 121 401 401 531 482  55 452 371 718  45  45 371 142 452
  55 588 729 718 729 961 937 663 718 766 599 106 779 323 332 780 780 452
 333 149 256 641 718 746 401 452 366 923]

epoch: 4
test_acc= 0.024200002
epoch_time: 176.5545210838318
lr: 0.0800002
train_loss: 7.288572
train_accuracy: 0.028425
[929 581 413 340 311 297 783 979 384 156 975 785  30 932 550 975 283 363
  30 156 407 713 487 950 459  21  67 413 283 976 624 980 555 374 283 213
 311 581 720  30 716 311 674 932 745 846 975 161 284 742 160 545  88 581
 607 932 111 820 634 296 932 949 800 886 985 501 550 711 311 621 283   6
 951 607 190 160 374 102 459 693 103 929 940 720 200 713   8  30 102 785
  11  30 581 374 977 347 311 347   8 975]

epoch: 5
test_acc= 0.026
epoch_time: 179.37472128868103
lr: 0.1
train_loss: 7.009743
train_accuracy: 0.037350003
[ 29 161 900 896 411 349 916 735 996   4 927 519 937  86 161 569 484  28
 698 503 900  68 962 951 363 430 411 851 317 877 161 283 962 975 713 563
 297 228 551 244 979 722 775 714 877 621 800 202  12 670 397 269 564 916
 847 710 946 479 751 297  30 815  97 640  68 323  91 591 775 607 634  25
 707 854 722 148 200 555 677 682 325 161 202  97  68 283 317  41 976  28
 702 713  19 735 353  55  24 974 702 283]

epoch: 6
test_acc= 0.033400003
epoch_time: 185.07864594459534
lr: 0.09979872
train_loss: 6.7340655
train_accuracy: 0.048325002
[583 142 222  98 637 485 532 512 375  13 404 664 707 957 680 153 469  92
 379 601  44 962 529 112   2 937 289 492  90  83 817  24  42 935 356 197
 326 894 995 863 734 401 568 174 884 299 746 275 694 588 937 671 401 453
 649 987 426 512 957 770 908 453 698 734 552 302 552 595 199 356 620 520
 470 142  30 935 465 573 465  44 703 922 995 863 324 375 512 301 299 552
 395 366 472 340 395 731 658 142 465 715]

epoch: 7
test_acc= 0.048400003
epoch_time: 177.9967257976532
lr: 0.099196486
train_loss: 6.4576545
train_accuracy: 0.063575
[981 103 754 142 347 196 152 564 319 127 150 228 211 685 983 283 103 777
 407 825 985 215 281 890 138 875 549 534 825 994 564 500 490 211 947 986
 408 697 856 402 217 781 989 357 111 952 105 794 103 609  20 268 485 323
 129 994 814 935 564 251 747 591 682 872 339 239 333 339 402 564 998 747
 177 425 103 555 196 586 281 993 863 626 490 645 154 698 747  54 816 679
 190 347 780  25 852 626 399 168 555 969]

epoch: 8
test_acc= 0.061200004
epoch_time: 179.62890601158142
lr: 0.09819814
train_loss: 6.206286
train_accuracy: 0.078025006
[ 87 431  13 389 718 391 438 406 523 698  42 149 612 903 539 191 864 258
 379 627 172 627 165 765 938 419 608 224 188 203 405 320 304 608 388  61
 741  50 921 647 467 327 456 327 951 283 909 406 480 290 315 960 153 921
 565 552 122 292 664 539 732 289 419  86 900 331 880 951 339 886 188 651
 809 188 985 222 251 105 165 858 296 830 388 701 608 686 405 661 326 579
 736 338 331 222 981  49 732 389 721 388]

epoch: 9
test_acc= 0.066800006
epoch_time: 177.83871340751648
lr: 0.09681176
train_loss: 5.9867077
train_accuracy: 0.094500005
[783 111 614 607 137 112 144 472 579 378  83 366 350 809 607 511 746 851
 869 953 614 208 406  95 478 483 272 411 792 593 475 437 380 252 588 599
 941 916 112 575 679 669 144 706  80 292 713 238 881 116 204 478 821 404
 982 478 977 831 179  73 833 745 258 445 854 414  67 333 783 132 384 500
 351 185 112  67 668 792 317  25 654 952 593 160 962 668 848 796 279 451
 770 207 382 950 467 990 573 218 490  82]

epoch: 10
test_acc= 0.0714
epoch_time: 181.76120519638062
lr: 0.09504845
train_loss: 5.778042
train_accuracy: 0.109625004
[324 816 908 149 365 343 964 627 645  30 752 400 594  20 973 275  37 296
 965  41 822 380 587 350 374 654   4  28 527 982 111 550 631 444 732 297
 119 743 202 803  13 493 930 493 185 406 183 594 847 190 759 573 993 694
 459 536 545 186  64 293 654  87 379 732 111 359 588 416 701  32 809  66
  98 153 958 429 998 612 105 654 139 415 755 139 631 571 532 195 386 241
 453 576 819 949 537 701 290 213 872 343]

epoch: 11
test_acc= 0.073400006
epoch_time: 180.1279911994934
lr: 0.09292244
train_loss: 5.5837803
train_accuracy: 0.125175
[ 64 616 562 892 936 963 796 798 111 591 477 455 948 495 976 120 234 483
 835 115 161  25 859 275 664  59 192  17 862 579 417 579 866 108 743 466
 571 398 550 614 991 477 226 629 213 111 174 299 276 785  25 753 338 557
 785 456 477 158 897 203 880 261 265 783 825 410  86 191 351 165 678 284
 723 972 980  86 741 157 913 532 318 103 512 634   1 469 760 507  48 108
 670 873 117 646 495 670 603 306 721 218]

epoch: 12
test_acc= 0.068
epoch_time: 179.28466725349426
lr: 0.09045086
train_loss: 5.3963704
train_accuracy: 0.141925
[641 699 255 908 842 719 964 799 149 802 964 665 550 429 435 458 117 278
 798  27  62 493 848 669 991 277 302 970 616 419  23 439 309 369 328  28
 197  16 218 746 152 811 138 118 727 635 560 884  10 836 399 890 945 406
 490 170 958 356 353 363 419  38 836 721 664 493 613 902 143 326 241 608
 496 402 874 279  78 942 464 222 500 241 472 304 161 909 792 743 656  72
 397 255 671 918 752 417 548 835 369 939]

epoch: 13
test_acc= 0.09200001
epoch_time: 174.8925256729126
lr: 0.08765359
train_loss: 5.23255
train_accuracy: 0.15927501
[453 555 417 562 695 896 407 105 839 524 150 196   4 147 670 115 781 127
  72 566 838 277 480 277 668 992  20 301 497 365 623 467 835 590 610   0
 979 884 131  95 726 289  69 958   9 330 896 398 297 994  55 288 338  70
 904 466 234 128 921  18 358 995 566 480 159 116 610 604 687 838 902 705
 443 319 604 110 389  78 234  19 608 827 846 475 358 466 792 289 258 221
 529 470 278  86 953   8 192 388 824 430]

epoch: 14
test_acc= 0.1194
epoch_time: 169.61861419677734
lr: 0.08455315
train_loss: 5.0661016
train_accuracy: 0.178
[705  66 991 931  90 588 291 535 526 269 588 836 263 401 296 657 680 441
 795 342 646 912 270 915 648 550 409 552 939 366 847 540 685 478 933 125
 602 621 314 302 407 483 880  11 270 326 372 682 896 959 833 364 896  41
  84 450 441 258 485 978  72 364 142 360 571 661 314 275 741 241 707 237
 368 862 446 470 493 207 117 327 402 478 207 430 475 669  24   6 878 431
 461 863 748 262 627 453 169  86 213 248]

epoch: 15
test_acc= 0.12200001
epoch_time: 177.49175477027893
lr: 0.081174515
train_loss: 4.900097
train_accuracy: 0.196075
[732 587  68 669  56 104  70 123 280 250 809  73 807 891 456 623 897 993
 286 608 265 570 111 690 818 546 527 884 154 607 755 779 478 285 711 323
  96 176 682 416 991 801 146 385 397 136 884 128 478 493 478  76 684 707
 441 551  17 836 710 779 326 732 765 996 669 643 138 607 482 916 754 152
  60 974 506 500 734 803 977  52 646 811 184 351 836 824 517 895 117 533
 456 154 816  17 535 982 983 392 160  82]

epoch: 16
test_acc= 0.1168
epoch_time: 168.7384684085846
lr: 0.077544875
train_loss: 4.7507997
train_accuracy: 0.21137501
[680 111 869 859 922 243 525 357 947 941 866 943 683 119 605 475 908 876
 941 616 239 802 608 154 397 122 825 974 682 713 253 699 747 334 559 699
 415 961  10 515 575 669 884 122 783 713  74 866 199 796 914 480 410 206
 525 941 528 272 168 278 453 685 884 984 993 296 329 723 598 677 685 190
 405 495 741 182 514 333 757 117 443 118 281 246 994 505 964 410 993 413
 567 612 105 352 292 611 763  37 903 216]

epoch: 17
test_acc= 0.14140001
epoch_time: 172.4099624156952
lr: 0.073693454
train_loss: 4.5924683
train_accuracy: 0.23367502
[403 830 615 817 936 931  28 500 304 679 526 711  21 980 324 192  74 533
 306 475  41 552 193 509  54 263 438 671 633 532 618  98 649 561 852 383
 738 699 211 270 364 800 105 213  33 822 512 291 937 106 218 389 566 306
  98 831 702 210 780 974 684 471 648 474 728 594  54  36 780 458 768 455
 884 250 146 922 118 524 940 641 379 138 192  73 988 854 633 442 684 276
 916 270 304 571 268 713 630 291 386 426]

epoch: 18
test_acc= 0.15660001
epoch_time: 175.10547423362732
lr: 0.06965128
train_loss: 4.438272
train_accuracy: 0.2554
[991 621 723 272 665  66 368 528 694 130 956 216 814 103 923 167 273 425
 961 519 430 986 587 757 446  84 489 217 213 566 938  20 807 328 755 183
 660 299 796 391 258 809 877 677 344 205 275 233 244 347 261 111 543 659
 459 807 232 822 442 986 669   0 292  83 673 994 973 394 369 174 396 949
 691 621  94 862 466 886 608 980 734 769 449 101 903 498 987 486  71  30
 417 714 279 728 613 529 528 823 642  73]

epoch: 19
test_acc= 0.1386
epoch_time: 172.58511090278625
lr: 0.065450884
train_loss: 4.2927012
train_accuracy: 0.27925003
[905 317 656 377  99 718 702 991 339 872 147  93 729 743 465 601 475 984
 249 953  72 586  99  84 807 550 436 199 122  40  62 644 483 110 990 752
 208 274 937 639 952 545 160 401 980  94  43 173  24 578 177 908 208 829
 596 255 122 424 427 271 711   0 993 379  56 538 500   3   3 922 753 284
  18 741 557 190 641 828 615 573 510 605 993 517  64 733 449 666 372   5
 115 289 863 439 994  27 555 996 353 555]

epoch: 20
test_acc= 0.15120001
epoch_time: 166.05074501037598
lr: 0.061126083
train_loss: 4.1453266
train_accuracy: 0.300825
[645 528 622 220 111 321 674 951 878  87 147  97 540 783 219 618 397 852
 210 297 604 258 783 518 740 484 256 662 703 456 632 446 795 446 156 739
 662 531 977 224 326 973 455 130 524 331 451 199 876 699 301 614 565 836
 332 559 305 649 900 579 954 646 951 888 745  25 384 829 962 456 960 472
 129 278 696 847 374 557 262 978  53 176 969 594  64 682 773 989 154 965
 992 456   2 662 226 278 105  67 406 496]

epoch: 21
test_acc= 0.1526
epoch_time: 171.10920357704163
lr: 0.056711704
train_loss: 4.0136323
train_accuracy: 0.31995
[ 57 130 931 215 823  15 786 109 450 536  15 259 975 305 831 535 276 774
 444 529 869 328 697 872 760 439 757 758 256 840 936 297 377 608 513 798
 645 564  22 955 980  64 330 284 857 564 708 884  13 496 524 872  20 236
 524 587 823 284 313 934 979 123 246 149 931  47   9 234 395 793  77 899
 478 692 459 590 277 369  71 667 326 185 555 413 405 843 288 554 310  49
 591 478 103 203 298 620 205 137 519 322]

epoch: 22
test_acc= 0.1764
epoch_time: 170.5717921257019
lr: 0.05224329
train_loss: 3.8499284
train_accuracy: 0.35107502
[992  78 645 239 195 475 705 356 190 895 593 943 147 169  11 187 244 601
 544 102 872 595 344 484 358  21 291 977 174 925 842 563 175 911 374 148
  64 751 886 970 779 383 516 174 512 850 450 984 544 621 519 670 815 931
 936 461 805 932 709 933 670 884 167 938 880 421 389 407 334 122 693 221
 897 410 489 112 753 788 512   0 317 938  18 968 188 602 947 964 342 762
 886 819 175 954 973  73 483  59 789 432]

epoch: 23
test_acc= 0.17840001
epoch_time: 167.2964882850647
lr: 0.047756817
train_loss: 3.7028394
train_accuracy: 0.37437502
[353 612 491 319 800 897 471 258 131  92 981 583 742 948 323 561 445 275
 637 336 869 420 424 705  79 322 152 609 853 271 713 251   9 933  72 443
 280  40  66 308 783 679 721 582  49 281 394 596 979 940 657 172 539 761
 249 668 298 942 417 581 569 580  49 912 432  74 957 630 894 385  35 616
 467 408 838 124 109 592 587 425 891 394 673  47   6  32   0 158 718 768
 994 409 517 700 880 991 946 468 640 896]

epoch: 24
test_acc= 0.1984
epoch_time: 176.90193676948547
lr: 0.04328839
train_loss: 3.5622816
train_accuracy: 0.399125
[781 590 349 384 540 270 395 386 866  90 147 309 272 978 423  63 495 697
 768 221 632  93  93 669 881 335 622 672  20 218 347  71 734 999 196 847
 939 644 526 581 145  45 389  40 330 789 983 503 430 538 188 111 299 962
 319 842 707 358 807 721 328 132 426  25 360 450 621 753 580 684 150 758
 333 644 758 976 564 819 235 222 290 761 493 773 583 553   0 721   0 938
 446 177 639 749 505  70 991 839 957 734]

epoch: 25
test_acc= 0.19160001
epoch_time: 167.6309313774109
lr: 0.038874015
train_loss: 3.3896172
train_accuracy: 0.43025002
[974 486 392 357 134 913 656 467 197 522 744 992 942 647 535 664 560 512
 111  43 197 990 744 602 474 266 659  32 928 635 998 954 487 207 672 857
 434 127 523 564 270 261   2 991  69  37 476  72 975 422 493 773  19 362
 111 294 351 855 935   2 474   1 411 469 561 400 280 732 676  15 429 209
  14 533 958 835 623 759 960 483 129 548 402 174 278 627 450 980 829 621
  75  82 123  58 651 408  47 920 699 543]

epoch: 26
test_acc= 0.20920001

[Done] exited with code=null in 4715.277 seconds

