[Running] python -u "/home/fms/jax_example/resnet50/jax_resnet50.py"
(1, 1000)

epoch: 0
test_acc= 0.0012
train_acc= 0.0024750002
loss= 7.8778
lr= 0.020000001
epoch_time= 188.30433249473572
[ 41 453  41 476  41 934  41 537 453  41 810 949 924 810 623 701  41 701
 949 576  41 810 810 977  41 537 810 105 111 746 701 453 810 537  41 810
 746 977 701 810  41 623 810  41 934 701  41 607 977 887 453  41 537 537
  41 537 810 924 949  41 537 810  41 701 810 810 977 916 701  41 476 810
  41 476  41 623   2 627 924 537 924  41 476 111 537 810 924 325  41 940
 325 977 810 810 746  86 810 810  41  41]

epoch: 1
test_acc= 0.0050000004
train_acc= 0.0052000005
loss= 7.5378885
lr= 0.040000003
epoch_time= 171.53948736190796
[643 926 297 926 496 297 349  31 541 180  98 168 926   3 606 297 297 211
 454 926 614 983 606 450 325 180 983 926 349 606 973 935 541 926  99 297
 541 349 976 297 349 607 297 926 297 450 994 614 349 349 349 349 466 643
 816  64 297 643 800  10 111  64 926 926 349   3 351 816 643 643 349 800
 228 604 349 297 297 976 349 642 349 349 976 926 614 349 606 614 349 180
 228 863 322  10 871 643  98 349 180 816]

epoch: 2
test_acc= 0.0056000003
train_acc= 0.008825
loss= 7.372467
lr= 0.060000002
epoch_time= 175.43102145195007
[959 820 607 403 929 107 923 936 623 279 932 540 923 988 607 936 923 627
 156 582 607 819 939 825 800 705 942 847 932 932 645 932 172 174 977 664
 279 156 172  64 222 627 279 800 959 533 189  43 403 780 694 530 800 720
 800 186 946 847 183 293 926 823 924 280 720 939 502 186 974 403 403 939
 984 825 186 800 186 825 800 867 399 189 825 862 685 847 293 847 825 800
 280 825 977 607 627 186 881 540 881 137]

epoch: 3
test_acc= 0.0114
train_acc= 0.014150001
loss= 7.146552
lr= 0.080000006
epoch_time= 180.22942638397217
[954 759 977 269 252 651 353 651 925 148 788 788  59 472 330 237 232 682
 432 279 659 219 886 121  91 644  22 886 553 554 759 203 820 984 252 746
  34 406 139 983 277 548 940 269 659 788 252 643 372 219 372 644  91 384
  41 711 820 440 644 372 121 553 203 894 554 759 788 940 980 204 894 322
 269  34 560 659 977 641 894 979 698 145 950 954 269 351 253 322 644 146
 269 109 109 350 363 984 219 146 162 292]

epoch: 4
test_acc= 0.0172
train_acc= 0.019925
loss= 6.8481226
lr= 0.09505844
epoch_time= 186.18196058273315
[851  74 878 711 468 377  60 136 283 825 325 109 111 283 969 147 615  43
 295 589 156  43 197 825 376 111 407 532 825 935 976 207 283 168 435 109
  22 831 156  83 976 156 482 779 525 156 207 930 786 588 107 969 532 969
 357 103 339 612 782 535 771 782 715 153 913 713 410 351 913 969 156 734
 325 729 722 913 357 482 111 156 771 467 964 555 628 962 779 410 716 535
  43 878 377 378 482 573 819 946 109 816]

epoch: 5
test_acc= 0.0248
train_acc= 0.030825002
loss= 6.4346523
lr= 0.09293244
epoch_time= 183.80577731132507
[631 510  68 922 133 247 846 938 851  38 518 897 661 699 661 424 711 836
 304 661 632 325 533 695 933  36 407 222 546 825 997 586 586 825 645 489
 111 610 642  58 271 485  94 679 632 800 825  24  38 133  88 768 177 213
 431 510  65 734 467 515 967 103  83 642 184 470 149 649 168 103 177  68
 460 485 271 922 548 586 695 746 325 467 765 815   3 111 260 546 251 485
 152 379 192 712 500 296 404 152 606 192]

epoch: 6
test_acc= 0.040000003
train_acc= 0.042150002
loss= 6.629184
lr= 0.090460844
epoch_time= 185.70897030830383
[992  25 186 379 927 550 258 734 319 512 840 408 800 244 955 433 992 182
 905 276 987 319 742 617 176 485 758 379 829  56 851  98 186 529 478 201
 837 115 927 815 976 156  36  98 829 663 419  78 865 331  98 485 533 805
 839  76 364 186 433 976 350 275 153 478 979 619 805 759 732 594 532 688
  83 207 266 992 659 987 794 289 351 669 955  76 617 783 957 983 992 837
 485 458 810 403  20 342 743 149 977 579]

epoch: 7
test_acc= 0.046200003
train_acc= 0.05705
loss= 6.071105
lr= 0.087663576
epoch_time= 180.05046033859253
[513  30 945 557 449 491 780 946  96 270 753 738 834 368 500  38   3 607
 145 251 960 713 927 983 930 931 624  57 721 537 925 497 450 149 298 969
 352 152 366 168 794 834 192 351 154 270 247 168 118 422 990 701 474 591
 195 661 333 449 550  98  43 176 637  43 270 927   3 129 693 857 977 852
 111 977 535 670 194 477 404 640   7 805 763 741 715 614 418 294 739 958
 805 261 548 995 121 959 154 927 875 721]

epoch: 8
test_acc= 0.066
train_acc= 0.069325
loss= 5.373364
lr= 0.084563136
epoch_time= 184.97647070884705
[241 741  91 404 314   4 850 646  72  68 896  78 389 607 599 252 598 580
 939 967 569 144 903 297 401 232 877 878 548 886 252 269 741 476 877 147
 634 444 955   7 313 979 368   7 980 912 500 628 437 297 984 908 896 949
 949 760 571 553 169 990 169 306  38 819 304 669 877  33 567 205 951 489
 874 275 701 274 396 967 946 332 835 321 951 983 162 232 819  83 967 331
 374 718   5 215 354 995 711 628 351 144]

epoch: 9
test_acc= 0.0744
train_acc= 0.08205
loss= 5.988325
lr= 0.08118449
epoch_time= 173.38193655014038
[964 662 752 779 111 682 297 573 537 252 123 371 111 441 211 662 363 245
  79 820 599 484 951   0 981 116 340  78 252  82  96 913 237 716 518 174
 869 960 548 875 419 649 331  25 663 548 447 627 839 431 964 396 420 362
 496 706 682 713 344 577  70 678  13 701 877 552 446 213 331 597 221 695
 715 754 174 571 372 755 654  96 651 846 420 951 824 593 322 147 297 573
 296 362  79 984 662 644 250 232 139 678]

epoch: 10
test_acc= 0.089200005
train_acc= 0.100225
loss= 5.5816627
lr= 0.077554844
epoch_time= 178.35458993911743
[988 878 881 260 842 712 252 363 930 397  74  74 421 249  95 635 917 923
 723 213 952 411  34 419 646 497 226 116 213 340 712 145  36 213  34   7
  67 119  65 156 892 321  67 958 983 485 251 344 842 956 802 261 392   2
 198 915 591 231  27 401 376 946  74  95 261 934 771 576 888 425  29 715
 103 690 830 980 982  22 345 872 529 840 959 645 421 421 437 550 401   2
  29 550 716 333 904 907 480 974 597  75]

epoch: 11
test_acc= 0.097600006
train_acc= 0.11197501
loss= 5.6102047
lr= 0.07370343
epoch_time= 174.93727922439575
[563 941 727 120 149 127 581 260 565 389 687 904 399 201 995 256 168 816
 500 343 269 197 475  33  98 211 382  47 789 973 215 156 917 916 715 649
 245 595 976  14 774 343 623  87 450 908 840 518 374 973 533 466 100 623
 638 938 860 442 470 659 179 907 486 729 893 388 770 405 770  88 190  66
 223 802 468 313 573 896 607 532 161  32 343 860 131 991 918 200 800 662
 479 570 457 638 120 581 743 983 255 612]

epoch: 12
test_acc= 0.1142
train_acc= 0.13125001
loss= 5.459653
lr= 0.06966125
epoch_time= 178.84831738471985
[789 233 898  34 745 321 590 344 760 987  78 590 147 430 345 926 532 323
 244 244 633 476 911 943 856 862 986 917 925 825 492 281 216 788 979 491
 783 739 404 116  98 810 466 913 498 132 262 629 180 773 622 591   9 913
   6 320 828  52 663 559  68  34 266 648 825 350  78 666 345 917 590 399
 538 810 399 997 783 353 310 255 297 545 797 895 699 971  15 539 482 543
 278 253 703 937 790 568 310 204 109 948]

epoch: 13
test_acc= 0.11400001
train_acc= 0.14605
loss= 5.0212593
lr= 0.065460846
epoch_time= 183.32249784469604
[995 831 964 551 739 645 928 735  38 770 304 387 104 295 545 707 973 661
 972 472 442 836 224 107 519 260 963 938 198 936 598 483 460 261  57  51
 871 147 906 379 581 443 253 659 335 423 363 624  55 980 887 782 727 886
 486 388 320 177 241 725 218 162 538 935 402  76 835 151 392   8 891 929
 216 422 930 116 532 512  48 443 560 743 892 266 423 623 882 518 129 510
 292 147 263 744 666 739  75 572 532 395]

epoch: 14
test_acc= 0.133
train_acc= 0.16460001
loss= 5.0242076
lr= 0.06113604
epoch_time= 185.86016631126404
[520 480 262 370 636  97 895 809 881 900 140 548 443 263 358 520 613 369
 759 400 903 315 327 715 564 873 458 871 886   7  97 188 670 807 325 649
 111  29 773 830 252 565 467 926 763 207 759 211 714 147 467 138 411 513
 551 223 565 359 648 938 904 254 264 426 512 871 593 739 351  70 317 284
  38 133 582 591 603 333 551 785 675  91 741 308 511 927 317 595 381 466
 695 524 895 357 389 980 277 419 918   6]

epoch: 15
test_acc= 0.1456
train_acc= 0.18165001
loss= 5.115617
lr= 0.05672166
epoch_time= 169.99634194374084
[252 373 874 427 487  94 752 877 348 704 226 751 401 642 833 684 867 225
 150  68 103  89 187  17 321 130 399 476 617 451 797 866  74 125 713 153
 644  30 489  75 825  52 156 680 323 831 505 707  38 553 882 168 904 621
 344  29 540 990 972  17 872 340  48 503 324 803 418  48 667 995 980 797
 132 252 224 887 833  86  87 962 716 438 846  37 334 454 636 496  81 281
 881 872  17 513 360 604  29 133 642 922]

epoch: 16
test_acc= 0.1544
train_acc= 0.20382501
loss= 4.698862
lr= 0.05225324
epoch_time= 178.3368067741394
[890 560 409  27  95 234  71 265 113 881 478  80 732  96 591 182 737 450
 221 368 419  85 854 575   0 842   7 392 781  10 908 210 104 967 311 144
 495  28 974 101 221 627 956 469 618 630 265 555 198 661 138 806 204 599
 936 311 345 812 705 395 255  33 110 777  11 719 998   4 486  11 366  85
 625 969 884 170 159 936 433 975 968 798 286 889 732 353 512 315 374 410
 578 532 582 503 149 600 149 716  24 783]

epoch: 17
test_acc= 0.17860001
train_acc= 0.22430001
loss= 4.7061067
lr= 0.047766756
epoch_time= 171.12063145637512
[117  42 245 935 224 705 988 387  31 484 321 419 949 404 177 273 456 834
 979  70  68  20 611 272 601 955 358 478 791 590 666  55 210 451 646 825
 732 945 767 815 240 831 887 594 670 625 294 450 224  73 621 625 771 422
 272 695 320 995  92 738  29  43 281  19 324 152 553 757 473 131 938 977
 561  61 667 935 196 467 815 923 861 983 473 346 894  54 492 185 702  43
 949 461 617 453 453 552 904 386 302 229]

epoch: 18
test_acc= 0.172
train_acc= 0.24310002
loss= 4.2284665
lr= 0.04329833
epoch_time= 177.27786350250244
[679 756 670 491 843 909  34 980 606 503 801 108 472 951 809 168 422 495
 635 907 165 162 858 262 815 505 663 295 130 901 483 245  70  63  14 194
 709 732 770 761 299 149  29 314 628 174 736 935 145  66 297  69 878 896
 748 535 300 425 540 478 423 869 344 891 607 958 783 216 331 177 709 496
 314 672 926 736 201 690 248 830 452 339 327 283 447 669 691 112 349 568
 782 330 200 416 999 558 770 129 577 188]

epoch: 19
test_acc= 0.18020001
train_acc= 0.268525
loss= 4.7168684
lr= 0.03888395
epoch_time= 168.89819073677063
[844 131 972 682 738 474 924 683 707 986 931 846 652 979 251 238 155 298
 399 589 594 409  78 305 207 331 120  52 409  31 720 145 185 705 782 898
 584 232 949 617 332 466 453 216 609 979 884 357 356 720  50 925 663 607
 809 685 690 588 961 228 426 957 414 903  76 670 709 298 880 869 736 882
 832 475 469 909 550 131 169 131 149 766 165 440 408 781 670 257 584 785
 453 533  50 826 831 306 488  32 183 448]

epoch: 20
test_acc= 0.1948
train_acc= 0.2899
loss= 4.01291
lr= 0.034559146
epoch_time= 171.9063642024994
[436 364  81 844 648  94 422 877 614 413 182 105 150 389 399 308 169 805
 320 739 440 408 451 112  94 977 611 792 824 846 976 490 993 266 482 754
 436 457 867  52 569  68 343 846 917 384 217 291 701 369 670 271 997 271
 770 952 668 553  65 358 408 647 623 260 425 279 733 385 790 392 507 707
 292 741 908 240 259 179 680 556 440  33 118 628 219 125 938 860 607 698
 417 859  80 508 638 649 772 667 239 738]

epoch: 21
test_acc= 0.1956
train_acc= 0.3167
loss= 3.8112154
lr= 0.030358747
epoch_time= 179.09409427642822
[361 357 920 699 163  36 865  18 438 665 938 299 587  70 369  18 812 824
 952 626 236 886 219 340 112 882 738 653 925  30 570 260 589 868 611 895
 214 517 626 508 803 401 222 882 713  48 594 474  24 296  52  84   2 739
 900  80 301 986 357 612 213 396 352  94 785 737 822 960 577 489 861 300
 785  53 980 578 969 290 453 857 712 598 407  29 156 294 713 106  60 312
 914 707 637 423 573 832 120 594 756 912]

epoch: 22
test_acc= 0.2168
train_acc= 0.346325
loss= 4.1019745
lr= 0.026316565
epoch_time= 184.59901070594788
[426 203 526 427 848 700 960 318 430  96 252 733 764 937 507 429 857  38
 553 132 517 956 737 743  79 195 818 119 320 403 465 315 597 410 231 973
 374 273 565 444 694 649 401 403 632 693 170 794 161 878 806 739 156 467
 671 371 685 961 298 807 748 830  24  31  27 525 825 262 260 470 434 518
 548 907 544 288  10 150 161 441 809 170 435  14 773 350 751 697 934 470
 669 431  15 658 526 121 767 532  26 152]

epoch: 23
test_acc= 0.215
train_acc= 0.373275
loss= 3.6737342
lr= 0.022465145
epoch_time= 176.55507969856262
[ 61 171 925 591 983 497 476 332 597 513 561  93 908  45 253 206  97 443
 840 573  94 149 903 182  47 525 218 929 140 678 889 317 475 340 606 941
 528 576 131 373 423 962 577 958 997  41 530 715 152 182 981 898 206  72
 467  31 374 912 385 667 498 460  70 924 277 651 872 192 161 455 217 139
 198 462 320 535 683 227 507  41 884 918 617 286 455 681 118 718 419 548
 614 863 794 520 630 719  30 486 863  80]

epoch: 24
test_acc= 0.2266
train_acc= 0.40165
loss= 3.328498
lr= 0.018835511
epoch_time= 179.68557286262512
[926 540  27  11 466 938 592 853 157 594 637 102 245 136 481 716 607  22
 346 650 630 825 276 472  71 329 521 332 876 214 691 294 118 672 363 177
 221  11 660 714 614 347 861 887 838 334 205 603 183 184 698 728  43 370
 498  59 705 864 338 625 490 891 114 249 825 289 916 553 444 485 812 588
 492 478  55  14 257 392 615  59 112 241 638 512 487 925 226 210 828 868
 548 332 767 917 447  34  23 350 856 498]

epoch: 25
test_acc= 0.2354
train_acc= 0.43355003
loss= 3.0043619
lr= 0.015456866
epoch_time= 178.13345432281494
[821 252 726 955 197 116 844 505 767 882 138 827 216  43 186 592 423 522
 591 650 557 796 191  58 204 990 248 847 312 139  16 487 472 269 972  50
   4 726 183 863 984 949 603 940 685  70 428 798 120 540 123 225 869 409
 732 865 766 935  42 932 528 724 564 624 301 361 491 367 467 492 886 211
 502 588 107 382 980  18  11 987 445 260 526 206 686  90 915 723 353 428
 597 465 352 491 533 496  13 990 810 563]

epoch: 26
test_acc= 0.24400002
train_acc= 0.46617502
loss= 3.1514833
lr= 0.012356426
epoch_time= 176.759192943573
[676 894 590 992  30 522 470 457  74 864 307 127 529  21 503 745 168 887
 781 675 854 703 892  41 659  77  15   8  69 810 630 975  84  13 739   5
 877 194 276 365 134 671 257 747 672  57 683 382 771 535 171 490 505 254
 475 853 603  49 466 355 764 218 121 730 839 520 974 286 750  32 967 259
 946 925 506 726 815 527 235 151 406 290 996 459 370 439 615 505 750 154
 206  28 688 408  46 779 602 186 747 252]

epoch: 27
test_acc= 0.2416
train_acc= 0.49925002
loss= 3.4321334
lr= 0.009559147
epoch_time= 179.24594116210938
[140 412 496 596 758 758 595 191 539 763 446 903 641 613 748 208 408 953
 730 510 321 475 879 928 971 884 158 473 334 521 915 687 124 809 999 295
 308 666 473 360 748 700 650 195 576 333 668 583 167 319 316 459 387  87
 228 418 760 458  60 668 736 350 794  66 178 257 196 144 729   5 983 831
 353 888 375 439 581 334 616 400 196 364 668 365 600 370 834 166 955 940
 903 655 746 413 744 511 495 140 770 273]

epoch: 28
test_acc= 0.24300002
train_acc= 0.530025
loss= 2.7228825
lr= 0.007087557
epoch_time= 178.8128912448883
[600 111 994 834 180 909 549 639 352 137 594 307 566 305 677 598 269 808
 294 461  37 484 215 713 684 939 967 228 681  28 629 713 171 940 297 362
 486 977 422 562  79 820 788 422  46 181 435 379 938 140 687 344 641 987
 651 585 696 348 882 960 128 897  81 823 442 507 517 221 715 749 297 326
 461 339 687 555 596 389 802  71 384 633 444 584 126 777  83  98 619  36
 175 228 566 654 940 432  78   4 843 318]

epoch: 29
test_acc= 0.23860002
train_acc= 0.561775
loss= 2.9581113
lr= 0.0049615516
epoch_time= 180.8240294456482
[530 144 255 681 978 326 119 779 104   8 135 455 915 389 428 512 393  81
 493 795 582 747 646 676 757  50 789 146 982 406 620 510 218  60 976 107
 302  54   3  56 551 264 614 454 976 587 291 585 755 428 834 991  18 862
 809 918 333 878 888 400 331 794 769 210 416 810 627  85 223  37 345  70
 356 417  32 790 459 423 468  27 332 115 119 159 797  71 209 712  25 118
 705 176 198 413 606 393 977 308 466 699]

epoch: 30
test_acc= 0.24980001
train_acc= 0.593325
loss= 2.674831
lr= 0.0031982525
epoch_time= 182.92313742637634
[200  29 920   6 618 624 172 650 793 414 359 658 328 107 399 289 979 631
 790 241  57 493 725 940 702 127 101 663 381 713 314  35 561 952  14 107
 700  83 602 540 232 655 789 629 804 721 382 666 228 567 444 775 949 305
 126 857 994 615 898 557 428 202 742 295 929 787 946 567 236 485 405 631
 150 263 695 321 337 204 740 419 370 314 463 563 918 507 919 398 871 838
 223 553 954 980 289  72 269 861 182 364]

epoch: 31
test_acc= 0.25800002
train_acc= 0.61892503
loss= 2.133004
lr= 0.0018118573
epoch_time= 183.25071096420288
[335 545 524 690 340 703 210 792 548 727 311 733 128  93 962 896 214 413
 706 712 919 773  47 533 977 427 639 357 524 254 552 823 230 270 399 324
 279 883 123 170 208 708  91 839 714 369 742 498 628 667 879 119 243 173
 692 669 409 897  49 943 280 635 735 365 531 551 737 835 750 803  76 198
 171 860 205 484 985 290 845 164  20 662 597 451 453 926 801 585  82 765
 520 805 821 375  68 515 754 295 449 938]

epoch: 32
test_acc= 0.24800001
train_acc= 0.645825
loss= 2.5378158
lr= 0.0008135213
epoch_time= 180.55821561813354
[594 145 421 141  87  40 222 917 442 755  23 244 870 330 457 989 122 850
 478 421  64 557 897 423 988 104 401 646 605 546 310 777 406 184 628 241
 447  57 558 589 540  96 235 644 440 593 720 385 722 809 245 166 228 169
 887 447 994 403 451 658 767 232 743 245  63 728 554 597 440 429 827 293
 210  88   3 844 255 408 563 578 165 710 632 984 843 833 347 582 865 524
 954 930 856 372 214 860  82 543 281 111]

epoch: 33
test_acc= 0.25460002
train_acc= 0.65655005
loss= 2.156879
lr= 0.00021128489
epoch_time= 186.20022749900818
[819 530 874 196  23 938   6 934 181 553 860 270 540 325 253 720 656 868
 175 293 476   2 213 126 669 927 347 421 878 121 678 488 725 450 655 516
 380 593 107 899 471 448 243  64 821 497 797 267 157 395 617 383 840 537
 687 306 446 563 181 896 361 539 746 339 476 292 116 911 383 302 174 629
 538  43 255  17 921  26  45 850 906 609 371 989 218 413 791 864  89 897
 897   9 949 584 690 805  84 655 380  47]

epoch: 34
test_acc= 0.2556
train_acc= 0.66525
loss= 2.209399
lr= 1e-05
epoch_time= 182.52221393585205
[ 67 483 982 357 628 718 629 519 772 363 644 101 976 188 838  66 957 789
 812 201 795 480 685 101 385 584 688 299 548  63 690 845 417 943 516 937
 678 191 271  60  14 149 818 565 237 789 588  88 180 885 418 456 304 337
 626 924 507 734 145 746 556 496 478 740 497 808 180 901 190 438 882  23
 515  89 732 118 422  32 309 673  67 362 405  80 219 313 994 648 100 614
 168 143 608  11 238 948 560 703 589 853]

epoch: 35
test_acc= 0.2542
train_acc= 0.66752505
loss= 2.238058
lr= 1e-05
epoch_time= 188.06375288963318
[625 368 575 634 990 743 194 536 298 329 867 953 288 404 850 106  47 774
 611 216 529 167 773 292 177 797 636 565 300 333  64 514 815 873 872 539
 166 948 631 139  84 971 619 290 795 571 600 187 831  17  57 288 725 196
 979 211 714 296 155 355 759 118 349  88 508 445 177 225 179 316 379 595
 839 630 900 294 104 130 769 511 572 251  96 279 508 706 412 929 890 882
 922 117 255 204 386 763 888 932 248 704]

epoch: 36
test_acc= 0.2608
train_acc= 0.667025
loss= 1.8844645
lr= 1e-05
epoch_time= 178.47615337371826
[848  85 667 644 419 175 623 706 479 990 254 524 789 996 305 783 540 258
 800 908 495 816 706 625 956  48 172 980 374 731 473 715 938 785 793 792
 966 330 962 343 798 863 407 674 237 158  33 387 180 889 709 826 795 957
 107 199 252 144 138 963 940 571 968 403 112 571 303 379 168 613  73  25
 929 616 696 686 141 612 511 628 291 125  86 262 905 614 673 802  79 139
 950 834 310 498 890 775 174 579 884  26]

epoch: 37
test_acc= 0.2642
train_acc= 0.66625005
loss= 1.8164563
lr= 1e-05
epoch_time= 179.9047372341156
[342 552 528 754 814 645 586 226  38 943 584 928 746  57 216 668 207 991
 444 442 984  48 374 465 105 386 745 866  38 251 802 726  94 196 611 132
 103  58 203 929 629 983 408  58   6  47 795 933 629 746 618 740 670 887
 225 389 890 648 798 507 129 192 914 633 553 831 766  97 200 363 343 742
 582 438 798  56 686 437 252 218 759 602  99 669 466 838 734 805 420 415
 924 565 941 980 533 940 103 139  83 594]

epoch: 38
test_acc= 0.26520002
train_acc= 0.66817504
loss= 2.087561
lr= 1e-05
epoch_time= 171.73108339309692
[569 511 736  71 389 554 936   0 153 996 707 532 335 197 944 803 473 434
 299 913 692 651 865 294 340  16 612 969   9 379 897 618 293 561 430 691
 130 165 888 163 649 311 878 761 822 105 281 498 649 347 455 179 262 341
 213 684 561 969 646 777 440 873 103 383 107 953 516 999 165  91 224 730
 478 450 743 512 496 473 883 323 724 176 898 901 330  91 293  53 347 889
 111 159 107 828 968 641 263 207 539 533]

epoch: 39
test_acc= 0.26200002
