1.optax.sgd(0.01, 0.99):
0.84790003 0.89120007 0.89400005 0.8744 0.90980005 0.89820004 0.90120006 0.90790004 0.90760005 0.90050006 0.915 0.91340005 0.915 0.91290003 0.9179 0.91560006 0.91480005 0.91840005 0.91470003 0.91880006 0.91880006 0.91420007 0.91330004 0.91160005 0.90550005 0.92080003 0.91290003 0.91690004 0.9024 0.90970004 0.9161 0.91440004 0.91870004 0.9193 0.91910005 0.92130005 0.92080003 0.91630006 0.9107 0.9204 0.9175 0.91480005 0.9211 0.91960007 0.9154 0.91740006 0.91130006 0.91550004 0.91780007 0.91830003 0.91850007 0.9175 0.91840005 0.91590005 0.92080003 0.91960007 0.91960007 0.9175 0.92130005 0.919 0.9189001 0.9189001 0.9215 0.91840005 0.92080003 0.9197 0.92440003 0.92050004 0.92450005 0.92260003 0.92280006 0.92350006 0.924 0.92390007 0.92420006 0.92460006 0.9247 0.9247 0.9247 0.92410004 0.9247 0.92520005 0.92530006 0.9251 0.92560005 0.92530006 0.92550004 0.92560005 0.9254 0.9254 0.92550004 0.92490005 0.9250001 0.9250001 0.92490005 0.92520005 0.9251 0.9254 0.92490005 0.92530006 

2.optax.sgd(0.01, 0.90):
0.87250006 0.8841 0.9039 0.91160005 0.9071 0.90360004 0.90830004 0.92340004 0.91920006 0.9085 0.9182 0.91940004 0.924 0.9193 0.92060006 0.91840005 0.92420006 0.92080003 0.91800004 0.9211 0.92080003 0.9233 0.92060006 0.9171001 0.92300004 0.92080003 0.9233 0.92620003 0.92270005 0.92950004 0.9211 0.92440003 0.93020004 0.9297 0.92960006 0.93200004 0.93210006 0.93320006 0.92980003 0.93350005 0.93410003 0.93350005 0.9322 0.93250006 0.93350005 0.93230003 0.93340003 0.93420005 0.93230003 0.9337 0.93210006 0.93320006 0.93280005 0.9333 0.93320006 0.93360007 0.9326 0.93250006 0.9326 0.93280005 0.93350005 0.93310004 0.93250006 0.933 0.93380004 0.933 0.93390006 0.9337 0.93310004 0.9337 0.93360007 0.93340003 0.93360007 0.933 0.933 0.93360007 0.93390006 0.93350005 0.9329001 0.933 0.93360007 0.93310004 0.93280005 0.93360007 0.93390006 0.93320006 0.93320006 0.9337 0.93340003 0.93340003 0.9333 0.93310004 0.93350005 0.9337 0.9329001 0.933 0.93350005 0.93310004 0.9326 0.9333

3.optax.sgd(0.01, 0.90)+weight_decay:
0.87360007 0.89180005 0.9049 0.90970004 0.9021 0.8977001 0.90230006 0.92090005 0.91380006 0.91330004 0.9168 0.9222 0.9229 0.91520005 0.9250001 0.91840005 0.9233 0.92050004 0.91190004 0.90690005 0.92300004 0.9186 0.92260003 0.92050004 0.92770004 0.92090005 0.9250001 0.92780006 0.92620003 0.92630005 0.92620003 0.92080003 0.92670006 0.9268001 0.92520005 0.929 0.9247 0.9236 0.92490005 0.92640007 0.93130004 0.92740005 0.9304001 0.93140006 0.9311001 0.93090004 0.9319 0.9329001 0.93100005 0.93200004 0.9301 0.9322 0.9329001 0.93180007 0.9322 0.93340003 0.9311001 0.93160003 0.93140006 0.93200004 0.933 0.93180007 0.9326 0.9312 0.933 0.93360007 0.93250006 0.9322 0.93200004 0.93230003 0.93280005 0.93310004 0.9326 0.9333 0.9333 0.93340003 0.933 0.93230003 0.9319 0.93100005 0.9322 0.93280005 0.93210006 0.93310004 0.93280005 0.93200004 0.93250006 0.93050003 0.9153001 0.9175 0.91660005 0.92590004 0.9154 0.915 0.93160003 0.9322 0.93100005 0.93050003 0.93200004 0.9326

4.warmup+optax.sgd(0.01, 0.90)+weight_decay:
0.83330005 0.87530005 0.84520006 0.89940006 0.89030004 0.89690006 0.9067 0.91470003 0.91050005 0.9039 0.90980005 0.9186 0.92410004 0.92090005 0.91850007 0.92130005 0.92210007 0.91910005 0.90980005 0.91740006 0.9171001 0.9204 0.91830003 0.92350006 0.9251 0.92920005 0.9286001 0.9247 0.92700005 0.9297 0.9211 0.92460006 0.9311001 0.92910004 0.93030006 0.929 0.93050003 0.93240005 0.9308 0.9311001 0.93320006 0.93310004 0.93250006 0.93180007 0.9322 0.93200004 0.9333 0.9319 0.933 0.93250006 0.93240005 0.933 0.93210006 0.93270004 0.9329001 0.933 0.93250006 0.9333 0.93270004 0.934 0.93280005 0.93310004 0.93250006 0.93240005 0.93390006 0.93320006 0.93320006 0.9333 0.93390006 0.93350005 0.933 0.9337 0.93320006 0.93390006 0.93320006 0.9333 0.93350005 0.93380004 0.93340003 0.9333 0.933 0.9337 0.9337 0.93360007 0.93380004 0.9337 0.93390006 0.93380004 0.9337 0.9337 0.93380004 0.9337 0.93390006 0.93380004 0.93390006 0.93410003 0.93410003 0.93390006 0.93390006 0.93410003



