强大的网络，不在于收敛速度有多块，而在于最高能达到多少
[]
[]
(106.79,0,0)
i: 200 90.49214029312134

[]
[]
(100.72,0,0)
i: 400 90.99976086616516

[]
[]
(110.99,0,0)
i: 600 90.27893924713135

[]
[]
(109.35,0,0)
i: 800 90.13056468963623

[]
[]
(110.30,0,0)
i: 1000 90.13650798797607

[]
[]
(106.70,0,0)
i: 1200 90.17968082427979

[]
[]
(112.00,0,0)
i: 1400 90.16539978981018

[]
[]
(105.15,0,0)
i: 1600 90.26948642730713

[]
[]
(110.00,0,0)
i: 1800 90.2553198337555

[]
[]
(110.82,0,0)
i: 2000 90.29900002479553

[]
[]
(108.40,0,0)
i: 2200 90.34791278839111

[]
[]
(113.90,0,0)
i: 2400 91.31148052215576

[]
[]
(101.93,0,0)
i: 2600 91.12434029579163

[]
[]
(107.42,0,0)
i: 2800 90.44933819770813

[]
[]
(101.19,0,0)
i: 3000 90.47343468666077

[]
[]
(108.82,0,0)
i: 3200 90.65342450141907

[]
[]
(101.44,0,0)
i: 3400 90.74846911430359

[]
[]
(110.21,0,0)
i: 3600 90.57794570922852

[]
[]
(102.06,0,0)
i: 3800 90.56183409690857

[]
[]
(103.12,0,0)
i: 4000 90.6533875465393

[]
[]
(102.01,0,0)
i: 4200 90.6999843120575

[]
[]
(103.06,0,0)
i: 4400 90.66462087631226

[]
[]
(108.80,0,0)
i: 4600 90.64164972305298

[]
[]
(103.69,0,0)
i: 4800 90.83931350708008
epoch: 1 106.97535

time:2284.42

[]
[]
save to  carnn_best.npy 0.005405405405405406

[]
[]
(96.45,10,0.0)
i: 0 8.880985736846924

[]
[]
(91.75,28,0.03571428571428571)
i: 200 89.60699677467346

[3856 2380]
[5077 2042]
(93.64,422,0.011848341232227487)
i: 400 90.570472240448

[5509 4189]
[5355  542]
(85.41,716,0.002793296089385475)
i: 600 90.70135474205017

[ 988 1725 3016 3169 3196 2740  988 1925  847 1039 3341 2879 2614]
[5136 1441  116 4900  677 3562 1119 4253 3636 2331 2610 2437 2591]
(85.08,1036,0.009652509652509652)
i: 800 90.67858862876892

[3146 5753 3932  108 4433  192 3169  884  994 4502 5569 2834 1975]
[3066 4709 3675 5591 5356 3352 3454 3153 1719 2222  357 3553  795]
(83.09,1299,0.004618937644341801)
i: 1000 90.53840374946594

[4621  797  613 2093 4899 4415 3469    1 4201 4281 2582  590 3942 4293
 5926]
[3497 2594  176   82 5461  379  444   10 1793 5772 2567    5 1892 1030
 2778]
(77.75,1353,0.010347376201034738)
i: 1200 90.57073760032654

[4920 1975 3058 1566 1437 3305  867 2464 1400 1476 4924 2824]
[4778 5606 2850 4490 2864 5335  151 1284 2275 5155 3039 2784]
(73.67,1419,0.026074700493305146)
i: 1400 90.65762257575989

[2297 4217 3985 3268 5482 2703 1470 2482 4904  298 3847 2655 2724]
[5180 2886 4130  797 4322 2039 1366  880 1473   79 1801 1597 2611]
(68.96,1333,0.02625656414103526)
i: 1600 90.61237859725952

[4830 1066 5371 5604 3066  300 3061 4890 4321 1930 3172 4650 1531 2623
 2694 2324 2324 2125 1915 1185 3348]
[ 391  792 5134 2915 1542 2515 1411 2079  145 1651 2772 5840 1531 2965
 3053 1060  222  699  830 1590  292]
(64.15,1460,0.06301369863013699)
i: 1800 90.66666769981384

[ 259 3446 3296 3226 4783 1374 5511 3199]
[2259 1286 4709 3099 5289 3429 3176 5923]
(66.63,1592,0.08542713567839195)
i: 2000 90.759202003479

[5929 3025 2203 5884  880 3287 4912 4985 4856 4517 2356 4175  490 1986
 1174 4169 2050]
[3477 1043  133 3710  880 3978 1191 4914 3440 4517 2356  209 4535 5338
 3093 1045 5610]
(56.92,1462,0.12517099863201095)
i: 2200 90.7354507446289

[4814 5930 3930 3876 2363 1173 3727  757 2132 4842 2040 1186 4585 1339
 3365 1829  111 4829 2152 5703]
[5667 3803 3311 4963 4139   43 5816 1560  720 5371 4362 1362 4758 4841
 2310 1875  111 3202  959 1894]
(61.32,1610,0.12111801242236025)
i: 2400 90.69754552841187

[4382 4357 4027 2589 1426 5384 5887 4242]
[4382 2727 4027 2140 1119 3797 4700 1121]
(52.14,1459,0.15832762165867031)
i: 2600 90.66548418998718

[4700  349 2221 2021 2995 4390 2006  820 4613 4848 5162 2728 1982]
[1240  349 3571 2773 3780 1218 5242 2171 4818 1254 5162 2246 1982]
(53.11,1588,0.17380352644836272)
i: 2800 90.72739768028259

[1459 4936 3969 2552 3637]
[1459 1493 3969 2552 3637]
(43.97,1467,0.26993865030674846)
i: 3000 90.85908603668213

[1033 3800 1384 4589 1581 4456]
[1033 5899  405 4303 2961 5090]
(45.07,1549,0.329244673983215)
i: 3200 91.07729291915894

[5815 1881 5251 4534 1456]
[ 376 4033 4778   86 5221]
(43.20,1618,0.34363411619283063)
i: 3400 90.88764500617981

[5005  224 3095 4309  396 1047  259 5563 2765 4681 2652 2474 3960 3063]
[5005  826  727 4309 4295  705 2573  905  593 2008  834  515 2474 2876]
(38.51,1575,0.41333333333333333)
i: 3600 90.86308479309082

[4845  490 3898  268  473  464  355 5325 2540   64  836 5887 2153 3542
 2637 5703 4569 3967]
[4845  490 3898  562 3390  355 5127 2540 3207 4804 5887 2153 3542 2713
 1582 2245 3967 4110]
(33.43,1449,0.42650103519668736)
i: 3800 90.78080344200134

[ 351  623  776 2768 1963 2003 3319 4710 1754  831 5251]
[ 351  623  776 2631 1963 2003 3319 4710 1754  831 5251]
(29.87,1538,0.5370611183355006)
i: 4000 90.97735142707825

[3465 2105 2054 1806 3301 3061 4062 3837 3010 2155 4922 2932 4907 4122
 2310 2665 5586  739 1379 1393]
[3465 2105 2054 1806 3301 3061 4062 3837 3903  549 4922 2932 4907 2991
 2310 4503 5586  739 4389 1393]
(25.89,1533,0.6183953033268101)
i: 4200 90.82938623428345

[4642 5012 1373 4569 2400 3316 2050  825 1766 1252 4782 1380 2000 3764
 2959]
[1614 3942 1373 4569 2400 1604 2050  825 5167 1252 4782 1380 2000 3764
 5083]
(24.75,1616,0.620049504950495)
i: 4400 90.7279851436615

[1531 2984 1614 3642 3796 3313 5729  353 2313 2866  311 2933 2291]
[1531 2984 1614 2010 3796 3390 5729  353 4384 2866 4510 5038 2291]
(23.24,1646,0.6792223572296476)
i: 4600 90.85523295402527

[5690  612 3932 3172 2619 5314]
[5690  612 3932 2036 2619 5314]
(20.15,1508,0.6843501326259946)
i: 4800 90.84450054168701
epoch: 2 56.63894

time:2274.94

[4514 3863 2474 2776 2704]
[4514 3863 2474 2776 2704]
save to  carnn_best.npy 0.6865550584865728

[5612  808 3622 4332 4223 4301]
[5612  808 4270 4332 4223 4301]
(18.62,1546,0.703104786545925)
i: 0 2.3756422996520996

[5418 3762 5581 4304 2889 1823 4553  448 1528]
[5418 3762 5581 5836 5814 2442 4553  448 1528]
(16.57,1528,0.7467277486910995)
i: 200 89.63464689254761

[4885  952  156 3881   87 1221 4284 4849 2512]
[4885  952  156 3881   87 1221 4284 4849 2512]
(14.43,1589,0.8074260541220893)
i: 400 90.2750518321991

[2536 5301 4606 3773 1312 2361  179 5069  925 4630 1674 1614]
[2536 5301 4606 2881 1158 2361  179 5069  925 4630 3307 1614]
(15.20,1538,0.770481144343303)
i: 600 90.28996968269348

[2439 1500 1822 3794  572 3312 3264 5398 1084  542 1182 2357]
[2439 1500 1822 3794  572 3312 3264 5398 1084  542 1182 2357]
(11.51,1556,0.8136246786632391)
i: 800 90.35248184204102

[1817 5058  420   47 1483  146  372  724 1532 1006 1006  555  248 1443
  469 1693]
[1817 5058  894   47 1483  146  372  724 1532  840 1350  146  248 1443
   81 1693]
(13.50,1695,0.8135693215339233)
i: 1000 90.4315733909607

[  56 2164 1950  345 5659  433  614  208  650  820 5239 2820]
[ 372 2164 1950  345 5659  433 2583  991  650 5684 5471 2897]
(11.67,1592,0.8266331658291457)
i: 1200 90.39771509170532

[ 385 4743  887 5021 3977 1193 3944 2617 2354 3650 4941  628 2384]
[ 385 4743  887 2411 3977 1193 3944 2617 4659 3650 2174  628 2384]
(11.56,1593,0.8254865034526051)
i: 1400 90.41484260559082

[4964 2350 2982  758 2778 2068 3160  986 2394 4585 3804]
[4964 2350 2982  758 2778 2068 1114 3160  986  671 4585]
(8.68,1567,0.8647096362476069)
i: 1600 90.384596824646

[1626  687 4889 3056 4558  566 5987  156  625 3622]
[1626  687 4889 3056 4558 5698 5987  156  625 3622]
(9.61,1664,0.859375)
i: 1800 90.53176283836365

[ 653 4648 5401 2389  411 2147 4496  917 3090  969 1057 2020 1536 4814
 2277]
[ 653 4648 5401 2389  411 2147 4496  917 3090  969 1057 2020 1536 4814
 2277]
(8.22,1587,0.8752362948960303)
i: 2000 90.45891761779785

[ 790 4128 2245  907 4792 4084 2178  197 3944  373 5631 1961  473]
[ 790 4128 2245  777 4792 4084 2178  197 3944  373 5631 1961  473]
(7.17,1500,0.8866666666666667)
i: 2200 90.5571436882019

[ 186 3037 2075 5292 4370 1797 3896  607  297  744 3355 5496 3135 4089]
[ 186 3037 2075 5292 4370 1797 3896  607  445  744 3355 5496 3135 4089]
(8.66,1632,0.8719362745098039)
i: 2400 90.53894567489624

[ 106  555  111  695 5545 2202 1693  558  575]
[ 106  555  111  695 5545 2202 1693  558  575]
(8.83,1786,0.8706606942889138)
i: 2600 90.57217693328857

[1259 4288 5098 3727 4650 5206  885  969 4226 4792 5085 1753 2033]
[1259 4288 5098 3727 4650 5206  885  969 4226 4792 5085 1753 2033]
(7.36,1522,0.8791064388961892)
i: 2800 90.52931523323059

[3377 2368 1549 4775 3006  550 4339 1684 2019 1868]
[3233 2368 1549 4775 3006  550 4339 1684 2019 1868]
(6.15,1535,0.9035830618892509)
i: 3000 90.58384108543396

[2088 2186 3546 2081 1449 1791  402 3104  473 1456  938 4651]
[2088 2186 3546 2081 1449 1791  402 3104  473 1456  938 4651]
(6.59,1545,0.8880258899676375)
i: 3200 90.68602919578552

[4015 3334 1317 3518 5297  141   35    2 4574 2667 1824]
[4015 3334 1317 3518 5297  141 2662    2 4574 2667 2437]
(6.60,1779,0.9055649241146712)
i: 3400 90.80588436126709

[1684  603  416 3866 3693 2348 3696  842 2477 4458 1072 5386 4959 2186]
[1684  603  416 3866 3693 2348 3696  842 2477 4458 1072 5386 4959 2186]
(5.04,1606,0.9209215442092155)
i: 3600 91.20958065986633

[ 803 1386 1869 2420 2975 5099  676 1472  776 5640 1555 4590 4917 3446
 3232 3103]
[ 803 1386 1869 2420 2975 5099  676 1472  776 5640 2244 4401 1677 1192
 5177 3103]
(6.03,1647,0.9010321797207043)
i: 3800 91.09105038642883

[2884 5780 1817 3652 2239 2419  941 3773 2175 4037]
[2884 5780 1817  932 2239 2419  941 3773 2175 4037]
(4.82,1568,0.9113520408163265)
i: 4000 91.44986391067505

[2668 1633 4471 3892 3572 1988 4133 4046 1956  699 3105  306 5614]
[2668 1633 4471 3892 3572 1988 4133 4046 1956  699 3105  306 5614]
(4.32,1547,0.9237233354880414)
i: 4200 90.90407538414001

[1670 1945 4857 2047 2269  146 4050 4411 1471 4115  606 4439 4414 4734
 1141 3086   33  740 4903  538 3733]
[1315 1945 4857 2047 4528  242 4050 4411 1471 4115  606 4439 4414 4734
 1141 3086   33  740 4903  538 3733]
(5.31,1634,0.9039167686658507)
i: 4400 90.89265751838684

[2812 4026 1481 2925  487 1807 1287 5528 1016]
[2812 4026 1481 2925  487 1807 1287 5528 1016]
(5.99,1558,0.8960205391527599)
i: 4600 90.88082528114319

[3959  975 5397 4831 1806 5596  213 3544]
[3959  975 5397 4831 1806 5596  213 3544]
(4.81,1588,0.9282115869017632)
i: 4800 90.92581629753113
epoch: 3 8.564075

time:2266.58

[4422 1465 4900  167 1331 4487 3023 2441]
[4422 1465 4900  167 1331 4487 3023 2441]
save to  carnn_best.npy 0.9198580399954693

[3446 3870 2129 2142  887 1042 3538 4760 1318 1513   45 5707  947 4293
 2775 1019 2868]
[3446 3870 2129 2142  887 1042 3538 4760 1318 1513   45 5707  947 4293
 2775 1019 2868]
(3.09,1589,0.9546884833228445)
i: 0 2.427299737930298

[2598 4038  842 2702 1760 4493  121 2196 2362 2871 2377 3078 4008 3530
  735]
[2598 4038  842 2702 1760 4493  121 2196 2362 2871 2377 3078 4008 3530
  735]
(4.22,1638,0.9334554334554335)
i: 200 89.51335191726685

[ 348  565 3734 1774 1820 5170 2567 1731 5178]
[ 348  565 3734 1774 1820 5170 2567 1731 5178]
(5.18,1584,0.9210858585858586)
i: 400 90.24959826469421

[5389 4638 2749 4789 5064 3157 3843  836 1313 3429 3170 1766 5585  561
 5943 4902 4307 5641 2238 5694]
[5389 4638 2749 4789 5064 3157 3843  836 1313 3429 3170 1766 5585  561
 5943 4902 4307 5641 2238 5694]
(3.76,1575,0.940952380952381)
i: 600 90.38859486579895

[  32 1918 4693 4765 3761 5323]
[  32 1918 4693 4765 3761 2999]
(3.64,1596,0.9285714285714286)
i: 800 90.32027459144592

[5602 3677 2658 1759 5218 4459  386 1606 2804]
[5602 3677 2658 1759 5218 4459  386 1606 2804]
(3.42,1641,0.946983546617916)
i: 1000 90.43634271621704

[ 194 1327 4185 4901  264 5107 4733 1041]
[ 194 1327 4185 4901  264 5107 4733 1041]
(2.70,1609,0.9596022374145432)
i: 1200 90.40267372131348

[4331 1454  839  179  416 3952 2879 5692 5987]
[4331 1454  839  179  416 3952 2879 5692 5987]
(2.58,1416,0.96045197740113)
i: 1400 90.39734983444214

[5340 2628  240 5144 1890 5903  852 1055 5379 3370 1545 3047 3993 4627
  792 4638 3147  794]
[5340 2628  240 5144 1890 5903  852 1055 5379 3370 1545 3047 3993 4627
  792 4638 3147  794]
(3.86,1557,0.9351316634553629)
i: 1600 90.38286781311035

[2851 3862 1025 4259 2806  446 3986 2089 4033 2419 5104  304  907 1712
 1446]
[2851 3862 1025 3430 2806  446 3986 2089 4033 2419 5104  304  907 1712
 1446]
(3.02,1578,0.9550063371356147)
i: 1800 90.37183809280396

[1091 4060  145 3978  696 5065 3808 2464 5016 1690 2546 3707 3155 5174
  256 4139 3354 5417 4866]
[1091 4060  145 3978  696 5065 3808 2464 5016 1690 2546 3707 3155 5174
  256 4139 3354 5417 4866]
(2.22,1455,0.9608247422680413)
i: 2000 90.35020160675049

[4154  241 1362  464  464 3269 2502 5270]
[2516 2574 2235 3496 3753 1325 2502 2899]
(3.94,1678,0.9374255065554231)
i: 2200 90.41491913795471

[3583 1523 5792 1841 1142 2752 1188]
[3583 1523 5792 1841 1142 2752 1188]
(2.70,1603,0.9507174048658765)
i: 2400 90.31944870948792

[4760 5281  682 2549 3795 4255 3320 5551 1334 2353 5793]
[4760  808  682 2549 3795 4255 3320 1584 5378 2353 5793]
(2.92,1654,0.9510278113663845)
i: 2600 90.34335041046143

[1179 4841  723 3212 2362  810 3149  109 3980 3094 3902 3326  612 1954]
[1179 4841  723 3212 2362  810 3149  109 3980 3094 3902 3326  612 1954]
(2.25,1540,0.9590909090909091)
i: 2800 90.48977780342102

[5552  419 5483 3064 3145 3361 5446 4807 2272 1130 1833  567]
[5552  419 5483 3064 3145 3361 5446 4807 2272 1130 1833  567]
(2.52,1547,0.962508080155139)
i: 3000 90.63715839385986

[5743 5173 3312 3050 1776 1743 2913 3941 4751]
[5743 5173 3312 3050 1776 1743 1461 3941 5910]
(3.22,1691,0.9538734476641041)
i: 3200 90.73148918151855

[5393 3952 3547 5129 3239 1424 3172 1859 3841 1215 2208 1454]
[5393 3952 3547 5129 3239 1424 3172 1859 3841 1215 2208 1454]
(2.09,1540,0.95)
i: 3400 90.66852760314941

[4894 3597 1704   57 4644 1149 5306 2097 1973 1610 2354 3776 1501 2288
 1533 3329 1934]
[4894 3597 1704   57 4644 1149 5306 2097 1973 1610 2354 3776 1501 2288
 1533 3329 1934]
(2.70,1605,0.9538940809968848)
i: 3600 90.84786033630371

[5074 2433 3305 3838  258 5555 5227 3125]
[5074 2433 3305 3838  258 5555 5227 3125]
(1.69,1560,0.9743589743589743)
i: 3800 90.84643006324768

[4160 4783 5555 5242   70 5127 1717 3723 1298 3636 2683 4834 4133  249
 5792 3534 3947]
[4160 4783 5555  463   70 5127 1717 3723 1298 3636 2683 4834 4133  249
 5792 3534 3947]
(1.92,1602,0.9662921348314607)
i: 4000 90.8741066455841

[ 717 2873 4251 3320  986 2812]
[ 717 2873 1260 3320 5366 2812]
(2.03,1546,0.9650711513583441)
i: 4200 90.85131478309631

[4725 4054 4525 4498 2860 3343  179 2005 2014 1703  258 5547  310 1622
 3008]
[4725 4054 4525 4498 2860 3343  179 2005 2014 1703  258 5547  310 1622
 3008]
(2.60,1641,0.9597806215722121)
i: 4400 90.98884844779968

[1011   96 4829 3085  882 1076 3138 3440 5736 2877 4136  949 2210 3463]
[1011   96 1726 3085  882 1076 3138 3440 5736 2877 4136  949 2210 3463]
(1.82,1590,0.969811320754717)
i: 4600 90.95639181137085

[4283 4436 5362 1806 1029 1358]
[4283 4436 5362 1806 1029 1358]
(1.86,1501,0.9693537641572285)
i: 4800 90.86171770095825
epoch: 4 2.9597173

time:2264.36

[4352 2068  580 5794  879 4538 3118 1401 3185 3492  706 1301 3722 2209
  344 3335 2205 4076 4075 3549 5673]
[4352 2068  580 5794  879 4538 3118 1401 3185 3492  706 1301 3722 2209
  344 3335 2205 4076 4075 3549 5673]
save to  carnn_best.npy 0.9650447146302251

[2952 2589 2662 4449 5400]
[2952 2589 2662 4449 5400]
(1.96,1600,0.96875)
i: 0 2.400305986404419

[4315 5442 1157 5387 3318 1388 3304 3980  629 2554 1740 2726 5825 1754]
[4315 5442 1157 5387 3318 1388 3304 3980  629 2554 1740 2726 5825 1754]
(2.03,1595,0.9648902821316614)
i: 200 89.54702949523926

[2647 2867 3362  129  754 2998  170 5847]
[2647 2867 3362  129  754 2998  170 5847]
(2.24,1595,0.9680250783699059)
i: 400 90.30449271202087

[ 691 3611 4125 3003 5614  207 3000 2897 2214 5154 5237 2497 3500 5903]
[ 691 3611 4125 3003 5614   60 3000 2897 2214 5154 5237 2497 3500 5903]
(1.56,1544,0.9753886010362695)
i: 600 90.48175621032715

[2664 3625 1281 1731 4068 4336]
[2664 3625 1281 1731 4068 4336]
(1.02,1538,0.9778933680104032)
i: 800 90.58311247825623

[4446 3652 1611 5543 4119 3717 2054]
[4446 3652 1611 5543 4119 3717 2054]
(2.10,1607,0.9601742377100186)
i: 1000 90.61389875411987

[5504 5879 2675 4274 2118 5590 2504 5966 1318 1348 2390 3366 3569 5459
 3249 1204 3623  579]
[5504 5879 2675 4274 2118 5590 2504 5966 1318 1348 2390 3366 3569 5459
 3249 1204 3623  579]
(1.66,1606,0.9782067247820673)
i: 1200 90.60840916633606

[3170 3075 4387 1640 2645 3849 2976 1345 2732 4764 5247 2705 4032  553
 5892]
[3170 3075 4387 1640 2645 3849 2976 1345 2732 4764 5247 2705 4032  553
 5892]
(2.31,1614,0.9584882280049566)
i: 1400 90.6512303352356

[2635 3278 5655  281 2776 2062]
[2635 3278 5655  281 2776 5597]
(1.47,1578,0.9771863117870723)
i: 1600 90.67051291465759

[4087 1626 1495 2686 4004  233 1356 2541 1226 5471 5349 5644 4299 3952
 5977 2743   53]
[4087 1626 1495 2686 4004  233 1356 2541 1226 5471 5349 5644 4299 3952
 5977 2743   53]
(1.21,1585,0.9829652996845426)
i: 1800 90.6503176689148

[1395 1682 1542 1946 2675 2922 4948 5174 1042 1209 2687]
[1395 1682 1542 1946 2675 2922 4948 5174 1042 1209 2687]
(1.44,1683,0.9809863339275104)
i: 2000 90.70292735099792

[ 743  198 1875 1207  982 2526 1508 1428 5256 4361 5216 5915  809 1833
 1195 1260 5776]
[ 743  198 1875 1207  982 2526 1508 1428 5256 4361 5216 5915  809 1833
 1195 1260 5776]
(2.47,1604,0.9607231920199502)
i: 2200 90.70770859718323

[ 440 4210 4895 4379 1610 2972 4869]
[ 440 4210 4895 4379 1610 2972 4869]
(1.53,1604,0.9738154613466334)
i: 2400 90.73744606971741

[1765 2268  894  985 3470 3047 2906 1652 5961 4659 5985  531 3019 1361
   66]
[1765 2268  894  985 3470 3047 2906 1652 5961 4659 5985  531 3019 1361
   66]
(1.45,1567,0.97319719208679)
i: 2600 90.717205286026

[5325 3565 3451  628 1258 4337 2049 2901 4789 3299 4919 3078 5019 5513
 5970 2012 3228]
[5325 3565 3451  628 1258 4337 2049 2901 4789 3299 4919 3078 5019 5513
 5970 2012 3228]
(1.14,1495,0.9852842809364548)
i: 2800 90.77388882637024

[4973 1622 4626 2034 3441 2190 5871   85]
[4973 1622 4626 2034 3441 2190 5871   85]
(1.42,1487,0.9677202420981843)
i: 3000 90.76971411705017

[3769 3544 5044 3228 4478 1022 4291 2863 1829]
[3769 3544 5044 3228 4478 1022 4291 2863 1829]
(1.20,1623,0.9864448552064079)
i: 3200 90.75906825065613

[3642   38  203 2339 1967 3582 4367 1867 1973 4005 4263  538 3297 4312]
[3642   38  203 2339 1967 3582 4367 1867 1973 4005 4263  538 3297 4312]
(0.88,1618,0.9826946847960445)
i: 3400 90.84037494659424

[ 831 4510 5800 3854 2590 3514 3937 1182 5272 3953  216 4691 1802 4107
 1554 3865 5849 2110]
[ 831 4510 5800 3854 2590 3514 3937 1182 5272 3953  216 4691 1802 4107
 1554 3865 5849 2110]
(1.48,1609,0.9745183343691733)
i: 3600 90.96923565864563

[2122 3636 5586  517 1386 4791 2296 4942]
[2122 3636 5586  517 1386 4791 2296 4942]
(2.14,1581,0.9658444022770398)
i: 3800 90.98123598098755

[ 269 1994  261 3048 3216 1617  332 4396]
[ 269 1994  261 3048 3216 1617  332 4396]
(1.51,1544,0.9734455958549223)
i: 4000 90.95580792427063

[1701  518  242  889 1794  961 1855 5690  575  423 3317 3317]
[1701  518  242  889 1794  961 1855 5690  575  423 3317 3317]
(1.24,1597,0.9787100814026299)
i: 4200 91.0076322555542

[5880 2308 5658 5629 1001 1085  211  631 3516 3251 4537 4267 4953]
[5880 2308 5658 5629 1001 1085  211  631 3516 3251 4537 4267 4953]
(1.07,1586,0.9842370744010088)
i: 4400 91.08959341049194

[3128  570 2764 5413 2056 4309]
[3128  570 2764 5413 2056 4309]
(1.12,1547,0.9786683904330963)
i: 4600 91.15553593635559

[1840 3519  154 3989 3081]
[1840 3519  154 3989 3081]
(1.04,1580,0.9867088607594937)
i: 4800 91.23470139503479
epoch: 5 1.5889

time:2269.51

[2684 1714  506 5600 5468   15 4020 3521  817 5665 5723  244 1039 1486
  842]
[2684 1714  506 5600 5468   15 4020 3521  817 5665 5723  244 1039 1486
  842]
save to  carnn_best.npy 0.9751431627965516

[3999   80 2364 5853 3985 5100 2304 1631 2204 4787 3471   69 4753  138]
[3999   80 2364 5853 3985 5100 2304 1631 2204 4787 3471   69 4753  138]
(1.60,1667,0.976004799040192)
i: 0 2.3760182857513428

[5315 5237 1269 4084 3902 1692 5314 3255 4491 2258  455 2850  748 2838
 4865 3833 4858]
[5315 5237 1269 4084 3902 1692 5314 3255 4491 2258  455 2850  748 2838
 4865 3833 4858]
(1.04,1504,0.9820478723404256)
i: 200 89.27966022491455

[3852 3148 3594 5562 2718 3551 3081 4557  604 5026 2233]
[3852 3148 3594 5562 2718 3551 3081 4557  604 5026 2233]
(1.94,1505,0.9607973421926911)
i: 400 90.17845630645752

[1092 4136 3465 2523 3635 2229  691  252]
[1092 4136 3465 2523 3635 2229  691  252]
(1.03,1511,0.9821310390469887)
i: 600 90.17293310165405

[  57 3780 5425 3584 5677 1812 2741 4012 3473 3112 4596 1065 3158 5450
 1875 4622 3287]
[  57 3780 5425 3584 5677 1812 2741 4012 3473 3112 4596 1065 3158 5450
 1875 4622 3287]
(0.98,1607,0.984443061605476)
i: 800 90.19233441352844

[2304  777 1758 3866 3297 2961 2444  914 2775  782 4733  247 3471  245
 3523]
[2304  777 1758 3866 3297 2961 2444  914 2775  782 4733  247 3471  245
 3523]
(0.97,1687,0.981624184943687)
i: 1000 90.1781280040741

[5479 1913 2671 1086 4179 4651 2516 1503 5545 1733 2319 3361 2033 5404
 4674  678 5677 1505  971 3646]
[5479 1913 2671 1086 4179 4651 2516 1503 5545 1733 2319 3361 2033 5404
 4674  678 5677 1505  971 3646]
(0.90,1573,0.9853782581055308)
i: 1200 90.16092205047607

[5205 3222 2696 5458 2914 2217 1929  611]
[5205 3222 2696 5458 2914 2217 1929  611]
(0.81,1609,0.9863269111249223)
i: 1400 90.1192262172699

[5667 4574 1403 5279 5173 2958 5441 5239 3595 5388 3033 2645 1185]
[5667 4574 1403 5279 5173 2958 5441 5239 3595 5388 3033 2645 1185]
(0.76,1581,0.9848197343453511)
i: 1600 90.15213394165039

[2082 2194  676 2843 4263 1019 3163  405 2879 1137 2353]
[2082 2194  676 2843 4263 1019 3163  405 2879 1137 2353]
(1.01,1662,0.9741275571600482)
i: 1800 90.35249018669128

[5551 3843  418 2572   28 1813 5848 4727 2364  334 3992 5834 1676]
[5551 3843  418 2572   28 1813 5848 4727 2364  334 3992 5834 1676]
(0.91,1573,0.9726636999364272)
i: 2000 90.50020575523376

[3005 1574 1302  949   11 1472 4190 1813  410 1242 3543 1497 5302 2650
 5386 2712 4046 4067]
[3005 1574 1302  949   11 1472 4190 1813  410 1242 3543 1497 5302 2650
 5386 2712 4046 4067]
(1.02,1599,0.9843652282676673)
i: 2200 90.17376589775085

[ 270 5545 2143  894 1006 1817  107 1693   81  867  867  850 2880  577]
[ 270 5545 2143  894 1006 1817  107 1693   81  867  867  850 2880  577]
(0.80,1565,0.9853035143769968)
i: 2400 90.18559312820435

[2035 2987 3662 1032 2019 5640 3201  866  115]
[2035 2987 3662 1032 2019 5640 3201  866  115]
(0.78,1519,0.9802501645819618)
i: 2600 91.4145610332489

[4830  249  249 1273 2128 4924 4297 2296 3443 2272]
[4830  249  249 1273 2128 4924 4297 2296 3443 2272]
(1.12,1598,0.981226533166458)
i: 2800 90.41440939903259

[1242 1151  178 2225 2334  104 2481  152 2741 4239 1844 3143]
[1242 1151  178 2225 2334  104 2481  152 2741 4239 1844 3143]
(0.58,1555,0.980064308681672)
i: 3000 90.28056597709656

[1535 3862 4280 3542 4859 4420 4280 3352 4165  448 3519  281]
[1535 3862 4280 1325 4859 4420 4280 3352 4165  448 3519  281]
(0.68,1563,0.9897632757517595)
i: 3200 90.26030778884888

[1576  341 3227 1649 5541  697  985 1392 5590 4940 2591  378 4192 5801
 3676 5090]
[1576  341 3227 1649 5541  697  985 1392 5590 4940 2591  378 4192 5801
 3676 5090]
(1.00,1550,0.9851612903225806)
i: 3400 90.37290906906128

[1140 4518 4225 4081 3717 1842]
[1140 4518 4225 4081 3717 1842]
(0.53,1576,0.9892131979695431)
i: 3600 90.45582318305969

[1231 4180 5832 2157 5232 4935 3470 5675  131 1152 5393 1804 3207 2821
 4369 1560 3850 2384 3623 2713]
[1231 4180 5832 2157 5232 4935 3470 5675  131 1152 5393 1804 3207 2821
 4369 1560 3850 2384 3623 2713]
(0.74,1537,0.9759271307742355)
i: 3800 90.5954897403717

[3793 4694 4005 2697 2823 4645 3670]
[3793 4694 4005 2697 2823 4645 3670]
(1.78,1626,0.9833948339483395)
i: 4000 90.56931591033936

[2435 5941 3148 2557 5731]
[2435 2040 3148 2557 5731]
(0.96,1570,0.9872611464968153)
i: 4200 90.5998318195343

[1921 1393 2246   80 5520  713  159 2313 1221 1559 1742 3876 2598  910]
[1921 1393 2246   80 5520  713  159 2313 1221 1559 1742 3876 2598  910]
(0.90,1643,0.9811320754716981)
i: 4400 90.64113545417786

[2015 3623 1661 3238 5774 2888 4519  923 4912 2003 5545 1514  586 4742
 5877 3699 5105  375 4359 1893 1709 1292 4369]
[2015 3623 1661 3238 5774 2888 4519  923 4912 2003 5545 1514  586 4742
 5877 3699 5105  375 4359 1893 1709 1292 4369]
(0.87,1704,0.9900234741784038)
i: 4600 90.69245266914368

[1278 5634 2711 4920 1039 3537  716]
[1278 5634 2711 4920 1039 3537  716]
(1.00,1610,0.9819875776397515)
i: 4800 90.75512623786926
epoch: 6 0.9714106

time:2260.23

[1015 4480 1892 1957 3851 4307 4894 4990 4899]
[1015 4480 1892 1957 3851 4307 4894 4990 4899]
save to  carnn_best.npy 0.9853643216080402

[1207 3515 4182 1664 4467 3816 2125 4783 2960 2082 1697 2862]
[1207 3515 4182 1664 4467 3816 2125 4783 2960 2082 1697 2862]
(0.54,1660,0.9867469879518073)
i: 0 2.494691848754883

[1025 3965 4811 4568 1448 1762 5244]
[1025 3147 4811 4568 1448 1762 5244]
(0.90,1590,0.9823899371069182)
i: 200 89.70305371284485

[2716 1820 5854 2642 1665 3393 1376 3258 4199 2183 4467 4025 1941  170
   83 2380 1348]
[2716 1820 5854 2642 1665 3393 1376 3258 4199 2183 4467 4025 1941  170
   83 2380 1348]
(0.72,1687,0.9851807943094251)
i: 400 90.65000605583191

[5865 5802 2203   96 1464 4467 4203 4892  514]
[5865 5802 2203   96 1464 4467 4203 4892  514]
(0.87,1473,0.9837067209775967)
i: 600 90.71671485900879

[2981 5170 3046 4099 2477  261 4746 2783  685]
[2981 5170 3046 4099 2477  261 4746 2783  685]
(0.67,1585,0.9867507886435332)
i: 800 90.77299547195435

[ 977  716 5921 3603 1871 2738 4392 5384 3787 3501 3016 2065 2157 1307]
[ 977  716 5921 3603 1871 2738 4392 5384 3787 3501 3016 2065 2157 1307]
(0.41,1573,0.9879211697393515)
i: 1000 90.79320979118347

[5690  270 1223  562  344]
[5690  270 1223  562  344]
(0.44,1496,0.9926470588235294)
i: 1200 90.75937533378601

[3027 4099 5139 3404 2016 5032 5526 4024 3682 2062  148 2807 5199   35
 4062]
[3027 4099 5139 3404 2016 5032 5526 4024 3682 2062  148 2807 5199   35
 4062]
(0.66,1583,0.9892608970309539)
i: 1400 90.76563143730164

[4426 4307 3311 5583 1667 2648 5386 5648 1636 5008 3730 4009]
[4426 4307 3311 5583 1667 2648 5386 5648 1636 5008 3730 4009]
(0.58,1564,0.9884910485933504)
i: 1600 90.7930736541748

[2082 2950 2462 2669 5316 2550 4620 2071 5577 3274   87 2773 1249 4738
 2651]
[2082 2950 2462 2669 5316 2550 4620 5113 5577 3274   87 2773 1249 4738
 2651]
(0.75,1600,0.9875)
i: 1800 90.91127228736877

[1987 2429 2800 1537  474 1104 4841 3598 1700  867]
[1987 2429 2800 1537  474 1104 4841 3598 1700  867]
(0.37,1522,0.9934296977660972)
i: 2000 90.91246843338013

[1496 1504 5201 1684  722 5308]
[1496 1504 5201 1684  722 5308]
(0.69,1516,0.9868073878627969)
i: 2200 90.72975826263428

[3848 5039 3278 1386  678 2207 1623 4830 4884  437 5882  220 3652 2898
 4244]
[3848 5039  946 1386  678 2207 1623 4830 4884  437 5882  220 3652 2898
 4244]
(0.46,1664,0.9807692307692307)
i: 2400 90.78437805175781

[5879 3424   92 2693 2322 3023 5627]
[5879 3424   92 2693 2322 1101 5627]
(0.51,1540,0.9915584415584415)
i: 2600 90.74139857292175

[ 671 5150 2984 3077 4043 5414 3544 1102 3708 3115 2776  544 4450 1314
 3608 1003  807]
[ 671 5150 2984 3077 4043 5414 3544 1102 3708 3115 2776  544 4450 1314
 3608 1003  807]
(0.57,1582,0.9917825537294563)
i: 2800 90.73560690879822

[ 106 1033 1767  652  372   86   81  889 2146]
[ 106 1033 1767  652  372   86   81  889 2146]
(0.59,1683,0.9887106357694593)
i: 3000 90.89327263832092

[ 222 5065 5717 3252 4087  790 1949  281 1884 3400 2317  921 1069 1861
 5051 4070]
[ 222 5065 5717 3252 4087  790 1949  281 1884 3400 2317  921 1069 1861
 5051 4070]
(0.65,1576,0.9873096446700508)
i: 3200 90.93163299560547

[2210 1424 1646 1178 3740 1061]
[2210 1424 1646 1178 3740 1061]
(1.19,1598,0.9793491864831039)
i: 3400 90.85341215133667

[4925 5699 2514 3969 3753 5359 4569]
[4925 5699 2514 3969 3753 5359 4569]
(0.31,1673,0.99581589958159)
i: 3600 90.83883690834045

[2999   17  221 1314 1701 1998 2002]
[2999   17  221 1314 1701 1998 2002]
(0.36,1619,0.9944410129709698)
i: 3800 91.15906405448914

[4231 5004 4776 4498 4428  157]
[4231 5004 4776 4498 4428  157]
(0.99,1613,0.9832610043397396)
i: 4000 91.11261320114136

[1700  365 2092 2795 5647]
[1700  365 2092 2795 5647]
(0.50,1549,0.9825693996126533)
i: 4200 91.00696849822998

[3377 5449 4730 1792 2836 2927 4205 2969 5206]
[3377 5449 4730 1792 2836 2927 4205 2969 5206]
(0.30,1524,0.989501312335958)
i: 4400 91.09219861030579

[  49 4327 2460 4481 3266 2802 4304 1620 2541]
[  49 4327 2460 4481 3266 2802 4304 1620 2541]
(0.47,1575,0.9923809523809524)
i: 4600 91.22975564002991

[ 685 4465 3450 5297 3681 2297  932  665  870 3820 4453  642 3477 1940
 2187 1410 2870  892 1631 4284 3574]
[ 685 4465 3450 5297 3681 2297  932  665  870 3820 4453  642 3477 1940
 2187 1410 2870  892 1631 4284 3574]
(0.66,1715,0.9865889212827988)
i: 4800 91.21819591522217
epoch: 7 0.6272269

time:2272.22

[2427 1721 3095   95 3331 3875 3306 3200  973 5964]
[2427 1721 3095   95 3331 3875 3306 3200  973 5964]
save to  carnn_best.npy 0.989667627329818

[4111 4047   72 3566 5530 5524 2565 2834 2975 3886 5431  334 1832 3543
 2656 1328 2642]
[4111 4047   72 3566 5530 5524 2565 2834 2975 3886 5431  334 1832 3543
 2656 1328 2642]
(1.03,1615,0.9727554179566563)
i: 0 2.389063596725464

[ 468 5447 4073 4759  385 1657 3170 1738]
[ 468 5447 4073 4759  385 1657 3170 1738]
(0.35,1611,0.9925512104283054)
i: 200 89.7782461643219

[5928 5545  469 2224 1817   81  652 1223  111  421  420 1350 1524  850
   47]
[5928 5545  469 2224 1817   81  652 1223  111  421  420 1350 1524  850
   47]
(0.43,1583,0.9873657612128869)
i: 400 90.60483622550964

[3830 1865  962 3924 1450  297]
[3830 1865  962 3924 1450  297]
(0.39,1609,0.9937849596022374)
i: 600 90.59027767181396

[3368 5289 2699 4810  710   84 3951 3334 3394 2056  179]
[3368 5289 2699 4810  710   84 3951 3334 3394 2056  179]
(0.82,1547,0.9851325145442793)
i: 800 90.55584573745728

[5068 3575 4581 1492 4008 2758 1889 1206 2982 1483 1372 2363  595 5454]
[5068 3575 4581 1492 4008 2758 1889 1206 2982 1483 1372 2363  595 5454]
(1.07,1629,0.9809699201964396)
i: 1000 90.61546635627747

[1789 2663 3962 1224 3556 4267 1889 2009 4320  599 4139 5131  282]
[1789 2663 3962 1224 3556 4267 1889 2009 4320  599 4139 5131  282]
(0.71,1666,0.9861944777911165)
i: 1200 90.50644540786743

[1543 1960 5883 5402 4311 2442 2275 4226  826  819 3381 1638]
[1543 1960 5883 5402 4311 2442 2275 4226  826  819 3381 1638]
(0.29,1540,0.9967532467532467)
i: 1400 90.57612371444702

[3272  526 5942 2012 4230 2319  174 1422 5267 2852 3110 1209 3019 2851
  694 2969 3179 1442 2380  761]
[3272  526 5942 2012 4230 2319  174 1422 5267 2852 3110 1209 3019 2851
  694 2969 3179 1442 2380  761]
(0.33,1539,0.9824561403508771)
i: 1600 90.59260845184326

[3622 3273  112 2128 2643 3181 1055 2431]
[3622 3273  112 2128 2643 3181 1055 2431]
(0.61,1575,0.9917460317460317)
i: 1800 90.57884860038757

[3622 5469 5186 3519 1758 3532  309 4201  243]
[3622 5469 5186 3519 1758 3532  309 4201  243]
(0.42,1608,0.9838308457711443)
i: 2000 90.54393196105957

[4213 1433 5889 2647 3940]
[4213 1433 5889 2647 3940]
(0.28,1593,0.9937225360954175)
i: 2200 90.62477159500122

[5394 2337 1504 5393 4102 2466]
[5394 2337 1504 5393 4102 2466]
(1.09,1571,0.982176957352005)
i: 2400 90.6802887916565

[5435 2982 3986 2091  697  329 1884   11 4145 1862 5263]
[5435 2982 3986 2091  697  329 1884   11 4145 1862 5263]
(0.51,1581,0.9936748893105629)
i: 2600 90.72176122665405

[4099 3018 3730 1905 5492 2003 1666 4911  994 2020 3477  649 1176 1776
 1502]
[4099 3018 3730 1905 5492 2003 1666 4911  994 2020 3477  649 1176 1776
 1502]
(0.50,1611,0.9906890130353817)
i: 2800 90.73390364646912

[4567  750  577 5976 1390 3103]
[4567  750 2120 5976 1390 3103]
(0.43,1685,0.9928783382789318)
i: 3000 90.7436158657074

[1119 2429 1989 2150 3964 4400 1895 1727 1728 5226 3708 2430 4791 1535
 3454 2881 1258 3040 2477 5272]
[1119 2429 1989 2150 3964 4400 1895 1727 1728 5226 3708 2430 4791 1535
 3454 2881 1258 3040 2477 5272]
(0.24,1554,0.9948519948519948)
i: 3200 90.77220010757446

[3485  774 4125 3048 2413 5699  305 4596]
[3485  774 4125 3048 2413 5699  305 4596]
(0.34,1465,0.9945392491467577)
i: 3400 90.77210736274719

[4475 2699 2883  860 2440 2531   31 1377  807 1320  134  457  715 1970
 4600 4513 4218 3107 2882 1226]
[4475 2699 2883  860 2440 2531   31 1377  807 1320  134  457  715 1970
 4600 4513 4218 3107 2882 1226]
(0.79,1568,0.9815051020408163)
i: 3600 90.71744298934937

[3154  529 3312 2029 2077 3890 5534 3735 2784]
[3154  529 3312 2029 2077 3890 5534 3735 2784]
(0.30,1555,0.9954983922829582)
i: 3800 90.86628079414368

[2805 1316 4076 4670  316 5719 5226 3826  429]
[2805 1316 4076 4670  316 5719 5226 3826  429]
(0.25,1575,0.9936507936507937)
i: 4000 90.78884029388428

[1828 5160 1278 3529 3288 1799]
[1828 5160 1278 3529 3288 1799]
(1.06,1589,0.9767149150409062)
i: 4200 90.89403748512268

[1622 4767 2433 2128 1683 3922 1893 1939 3556 1608 1897 5256  688 1082
 2015 2328 2183]
[1622 4767 2433 2128 1683 3922 1893 1939 3556 1608 1897 5256  688 1082
 2015 2328 2183]
(0.53,1500,0.99)
i: 4400 90.85032773017883

[4818 1333 4451 5333 2215 2923 4471  488 2767 1766 4481 2088 3800  226
 4703 3676]
[4818 1333 4451 5333 2215 2923 4471  488 2767 1766 4481 2088 3800  226
 4703 3676]
(0.51,1683,0.98989898989899)
i: 4600 90.99997520446777

[4283 4920 4191 3014 1996  774   38  546 5339 3331 5819 5237]
[4283 4920 4191 3014 1996  774   38  546 5339 3331 5819 5237]
(0.37,1585,0.9924290220820189)
i: 4800 91.0755443572998
epoch: 8 0.451045

time:2268.07

[2707 1822 5915 3126 3100 5810 5289 1414  696 2394 3632 3477 5316 5641
 4288 4531 5021  988 2417 3161]
[2707 1822 5915 3126 3100 5810 5289 1414  696 2394 3632 3477 5316 5641
 4288 4531 5021  988 2417 3161]
save to  carnn_best.npy 0.9910858585858586

[2996 2478 5216 4161 5184]
[2996 2478 5216 4161 5184]
(0.47,1547,0.9864253393665159)
i: 0 2.4890007972717285

[2724  562 2220 2575 2603 4578]
[2724  562 2220 2575 2603 4578]
(0.22,1539,0.9961013645224172)
i: 200 89.82028079032898

[ 421  423 5058 5552 3317 3261 1693 1693  423 1180  633 2880 3261]
[ 421  423 5058 5552 3317 3261 1693 1693  423 1180  633 2880 3261]
(0.95,1617,0.9820655534941249)
i: 400 90.61188626289368

[5315 4581 2672 2919 5171 2835 2159  861 4025 4450 4898  811 3256 2198
 3405  439 3832  426 2388 2963]
[5315 4581 2672 2919 5171 2835 2159  861 4025 4450 4898  811 3256 2198
 3405  439 3832  426 2388 2963]
(0.27,1589,0.9949653870358716)
i: 600 90.78699827194214

[1616  171 4718 3338 1301 3928 4745 5174 2952 4790 2179 3680 1464 1875
  850 4546]
[1616  171 4718 3338 1301 3928 4745 5174 2952 4790 2179 3680 1464 1875
  850 4546]
(0.62,1456,0.9835164835164835)
i: 800 90.65219163894653

[2729 5788 3262 4344 2405 4274 1279 3308  663 3441]
[2729 5788 3262 4344 2405 4274 1279 3308  663 3441]
(0.34,1556,0.9948586118251928)
i: 1000 90.68726348876953

[ 891 1013 4752 3577 4243 4871   53 5093 5482 2188 1088 3538 3778  896
 3063 5478]
[ 891 1013 4752 3577 4243 4871   53 5093 5482 2188 1088 3538 3778  896
 3063 5478]
(0.35,1590,0.9937106918238994)
i: 1200 90.77340054512024

[1043  853 2293 1307  150  336 4367  652 4398  684 4577 1827 2526 1310]
[1043  853 2293 1307  150  336 4367  652 4398  684 4577 1827 2526 1310]
(0.39,1566,0.991698595146871)
i: 1400 90.84422397613525

[1781 1355   89 3077 4990]
[1781 3149   89 3077 4990]
(0.69,1665,0.9843843843843844)
i: 1600 90.8784077167511

[5483 2349 3511 4587 3223 3668 4155 2269 2639  449  358]
[5483 2349 3511 4587 4299 3668 4155 2269 2639  449  358]
(0.34,1582,0.9943109987357776)
i: 1800 90.88971638679504

[1336  844 1454 1085  141 1217 1058 1438 4385 1740 2199 3487 4309 2683
 3446 4226  960]
[1336  844 1454 1085  141 1217 1058 1438 4385 1740 2199 3487 4309 2683
 3446 4226  960]
(0.34,1508,0.9940318302387268)
i: 2000 90.79342222213745

[5240 4268 5160 2598  323 1585 1803  454 4439  926 1555]
[5240 4268 5160 2598  323 1585 1803  454 4439  926 1555]
(0.30,1566,0.9929757343550447)
i: 2200 90.80953407287598

[1092 5561    9 5123 5106 5509 4324  219 2123   53 3855 1538]
[1092 5561    9 5123 5106 5509 4324  219 2123   53 3855 1538]
(0.31,1557,0.993577392421323)
i: 2400 90.85688638687134

[1303 1716 1848 1053 4146  463 3850  379  411  699 1742  428 2216 4001
 1661 3702]
[1303 1716 1848 1053 4146  463 3850  379  411  699 1742  428 2216 4001
 1661 3702]
(0.25,1498,0.9933244325767691)
i: 2600 90.82438564300537

[1709  279 4044  766 2548]
[1709  279 4044  766 2548]
(0.56,1582,0.9924146649810367)
i: 2800 90.88314294815063

[5462 5184 5138 2172 5494  588  790 4074 1947 5471 5020 3689]
[5462 5184 5138 2172 5494  588  790 4074 1947 5471 5020 3689]
(0.20,1530,0.9954248366013072)
i: 3000 91.01906681060791

[5671 4163 5408 3226 3593 5334 1661 1099 4781]
[5671 4163 5408 3226 3593 5334 1661 1099 4781]
(0.61,1538,0.9876462938881665)
i: 3200 90.9508228302002

[4941  635 4517 3271 2386]
[4941  635 4517 3271 2386]
(0.33,1562,0.9929577464788732)
i: 3400 90.97062706947327

[ 539 2117 4600 5576 3528]
[ 539 2117 4600 5576 3528]
(0.17,1434,0.9965132496513249)
i: 3600 91.09657573699951

[4649 1016 4430 4765  166  421 2340 1052 3000 2610 5235 2833 3874]
[4649 1016 4430 4765  166  421 2340 1052 3000 2610 5235 2833 3874]
(0.23,1541,0.9941596365996106)
i: 3800 91.1293089389801

[ 804 1008 3872 5076 3850 5086 5457 1390  581 2908 1472]
[ 804 1008 3872 5076 3850 5086 5457 1390  581 2908 1472]
(0.25,1679,0.9922572960095295)
i: 4000 91.14239263534546

[2685 3953 3290 2803 4455 3731 4623 4767  141 4549 2280 2601 5059 3702
 2066 3698 5575 1926 5425 4111 4127 4480 4041]
[2685 3953 3290 2803 4455 3731 4623 4767  141 4549 2280 2601 5059 3702
 2066 3698 5575 1926 5425 4111 4127 4480 4041]
(0.39,1584,0.9848484848484849)
i: 4200 91.11375951766968

[ 420 1443 1532  421  555]
[ 420 1443 1532  421  555]
(0.44,1521,0.9901380670611439)
i: 4400 91.04566383361816

[3317  889  450 1855  894 5408  456  248]
[3317  889  450 1855  894 5408  456  248]
(0.75,1627,0.9803318992009834)
i: 4600 91.10440349578857

[ 106 4747  562  248 1350  991 2494  575  450]
[ 106 4747  562  248 1350  991 2494  575  450]
(0.22,1592,0.996859296482412)
i: 4800 91.1117250919342
epoch: 9 0.3580204

time:2272.84

[4626 4110 2064 2753   99 3094 1474 5761 1781 3721]
[4626 4110 2064 2753   99 3094 1474 5761 1781 3721]
save to  carnn_best.npy 0.9914573054549585