load best=0.9937054901762715

[4192 1124 5030 4614 2392]
[4192 1124 5030 4614 2392]
(0.27851784,0.9961)
i: 0 21.630538940429688

[]
[]
(113.69981961,0.0000)
i: 200 49.754838943481445

[2513]
[440]
(81.37521845,0.0033)
i: 400 50.078548192977905

[4329 5524 4649 4831 1650 5657 2970 1284   81 5513 4751 5436 3850 3857
 3283  730]
[3284 5524 4649 4831 1650 5657 2970 1284  850 5513 4751 5436 3850 3857
 5845 4544]
(4.25731752,0.8373)
i: 600 50.67911720275879

[4449 1585 1822  541  567 4093 2834]
[4449 1585 1822  541  567 4093 2834]
(1.66181823,0.9462)
i: 800 50.83686542510986

[5052  146 2078  908 2426 4969 4250  215 1896 5664  424 5241 1666  262
 2573  652 5552 2770 5112 3188]
[5052  555 2078  908  676 4969 4250  215 1896 5664  424 5241 1666  262
 2573 5552 2770 2831 3188  526]
(1.53041836,0.9286)
i: 1000 50.973466873168945

[3905 5887 5107 4272 4395]
[3905 5887 5107 4272 4395]
(1.08661956,0.9494)
i: 1200 51.15812849998474

[1174 3124 3516   60 5245 1801 5401 3656 1274  267]
[1174 3124 3516   60 5245 1801 5401 3656 1274  267]
(0.86871867,0.9845)
i: 1400 50.887335538864136

[5099 3446 4562 3867 4619 1292]
[5099 3446 4562 3867 4619 1292]
(0.74941840,0.9701)
i: 1600 50.88188099861145

[ 534 3590  568 4328  494 5085 1654 3229 1783 3222 4888 3781 1768 4849
  628]
[ 534 3590  568 4328  494 5085 1654 3229 1783 3222 4888 3781 1768 4849
  628]
(0.55691861,0.9914)
i: 1800 51.06975483894348

[1505 3452 5177 2599 4863 1576  607 5508 2394]
[1505 3452 5177 2599 4863 1576  607 5508 2394]
(0.65151827,0.9901)
i: 2000 51.00164270401001

[3402 1844   79 5705   80 1195  753]
[3402 1844   79 5705   80 1195  753]
(2.28421797,0.9188)
i: 2200 50.97492241859436

[4835   39 5283 2664 1823 1131 3057 3111  832]
[4835   39 5283 2664 1823 1131 3057 3111  832]
(0.85591803,0.9806)
i: 2400 51.054165840148926

[1944 1421 4450 1200 4815  732 5551]
[1944 1421 4450 1200 4815  732 5551]
(0.91841802,0.9745)
i: 2600 51.151183128356934

[2232 1290 5263 1879 5701  152 3986 3683  676 4734 2657 4168   74 2724
  521 5050 5433 4815 2867 3298 2023 2806 3768]
[2232 1290 5263 1879 5701  152 3986 3683  676 4734 2657 4168   74 2724
  521 5050 5433 4815 2867 3298 2023 2806 3768]
(0.56861849,0.9665)
i: 2800 51.27156972885132

[3762 2109 4992 5324 5838 2635 2466 4540 5578]
[3762 2109 4992 5324 5838 2635 2466 4540 5578]
(0.76351840,0.9793)
i: 3000 51.323413133621216

[ 207 3144 5979 1122 1853 2501 3163 2359 1353 4016]
[ 207 3144 5979 1122 1853 2501 3163 2359 1353 4016]
(0.81071891,0.9783)
i: 3200 51.377421617507935

[ 900 4217 4741 2755 5935 4203 2835 5525]
[ 900 4217 4741 2755 5935 4203 2835 5525]
(0.52071903,0.9785)
i: 3400 51.51623582839966

[3707 3284 5326 4013 3078 2622 1264 4645 3631 3906 2717 5573]
[3707 3284 5326 4013 3078 2622 1264 4645 3631 3906 2717 5573]
(0.35901838,0.9918)
i: 3600 51.636781454086304

[3985 4381 1146 2583 1885  626 5191]
[3985 4381 1146 2583 1885  626 5191]
(0.34291768,0.9836)
i: 3800 51.563273906707764

[4906  190 3284 5371 1523 1038 4757 4098 4062  614 5018 1309 2962]
[4906  190 3284 5371 1523 1038 4757 4098 4062  614 5018 1309 2962]
(0.38681857,0.9908)
i: 4000 51.67130899429321

[4801 4060 4713 3452 5669  602 2768 4518 2452 5427 3046 2087  545 2337
 2252 4945 4210 5102  484]
[4801 4060 4713 3452 5669  602 2768 4518 2452 5427 3046 2087  545 2337
 2252 4945 4210 5102  484]
(0.40141834,0.9716)
i: 4200 51.834646224975586
epoch: 1 12.434737

time:1123.24
0.992 0.986 0.987 0.987 0.985 0.985 0.985 0.985 0.984 0.985 0.986 0.983 0.983 0.983 0.983 0.983 0.984 0.985 0.984 0.984 0.985 0.984 0.984 0.984 0.984 0.984 0.984 0.984 0.984 0.984 0.984 0.984 0.984 0.984 0.984 0.984 0.983 0.983 0.983 0.983 0.983 0.983 0.983 0.983 0.984 0.984 0.984 0.984 0.983 0.983 0.983 0.983 0.983 0.984 0.984 0.984 0.984 0.984 0.984 0.984 0.984 0.984 0.984 0.984 0.984 0.984 0.984 0.984 0.984 0.984 0.984 0.984 0.984 0.984 0.984 0.984 0.984 0.984 0.984 0.984 0.984 0.984 0.984 0.984 0.984 0.984 0.984 0.984 0.984 0.984 0.984 0.984 0.984 0.984 0.984 0.984 0.984 0.984 0.984 0.984 0.984 0.984 0.984 0.984 0.984 0.984 0.984 0.984 0.984 0.984 0.984 0.984 0.984 0.984 0.984 0.984 0.984 0.984 0.984 0.984 0.984 0.984 0.984 0.984 0.984 0.984 0.984 0.984 0.984 0.984 0.984 0.984 0.984 0.984 0.984 0.984 0.984 0.984 0.984 0.984 0.984 0.984 0.984 0.984 0.984 0.984 0.984 0.984 0.984 0.983 0.983 0.983 0.983 0.983 0.983 0.984 0.984 0.984 0.984 0.984 0.984 0.984 0.984 0.984 0.984 0.984 0.984 0.984 0.984 0.984 0.984 0.984 0.984 0.984 0.984 0.984 0.984 0.984 0.984 0.984 0.984 0.984 0.984 0.984 0.984 0.984 0.984 0.984 0.984 0.984 0.984 0.984 0.984 0.984 0.984 0.984 0.984 0.984 0.984 0.984 
save to  cnn_bestv1.npy 0.983662978403285

[ 806 1210 3795 5484 1183 1356 1989  747 3742 4551  395 4192 1111 2355
 4877]
[ 806 1210 3795 5484 1183 1356 1989  747 3742 4551  395 4192 1111 2355
 4877]
(0.73631764,0.9796)
i: 0 2.3898799419403076

[3181 4520   79 2515 1992 2859 3219 1908]
[3181 4520   79 2515 1992 2859 3219 1908]
(0.37571766,0.9824)
i: 200 49.81760859489441

[1448 1150 1162  518 5910 2327  640  662 5492  493]
[1448 1150 1162  518 5910 2327  640  662 5492  493]
(0.42741893,0.9915)
i: 400 50.320395946502686

[3898 4580 3107 5246 3329]
[3898 4580 3107 5246 3329]
(0.42221793,0.9810)
i: 600 50.574909687042236

[4368 4922 4275 2329 3776 3525 1713  602 3390 2483 4420 1758 5211 3805
 2978 4255  856 1925  267  534]
[4368 4922 4275 2329 3776 3525 1713  602 3390 2483 4420 1758 5211 3805
 2978 4255  856 1925  267  534]
(0.34611992,0.9940)
i: 800 50.65396523475647

[5927 4542 5584 4389 3074 5705  216 4794 1061 2524 4680 1978 4469 1475
 1072  524  515]
[5927 4542 5584 4389 3074 5705  216 4794 1061 2524 4680 1978 4469 1475
 1072  524  515]
(0.48361904,0.9837)
i: 1000 50.91280937194824

[1518 3245 3961 5404 1616 1996 4368  941 4368 4641 1385]
[1518 3245 3961 5404 1616 1996 4368  941 4368 4641 1385]
(0.32031848,0.9816)
i: 1200 50.93174934387207

[5384 5162 1216  920 1385 2467 1862 4406 1349 4392 2965]
[5384 5162 1216  920 1385 2467 1862 4406 1349 4392 2965]
(0.21591889,0.9974)
i: 1400 50.97684597969055

[2202 2880 1483 2111  695 2146  372  139 1794  242 1701  889  575   81
 2146  107 1817  889  456  456 1682]
[2202 2880 1483 2111  695 2146  372  139 1794  242 1701  889  575   81
 2146  107 1817  889  456  456 1682]
(0.26881900,0.9953)
i: 1600 51.223838090896606

[2958  985 2635 1614 5918 5395 2126 5621 5527 5659 2967 3594 2588 2584
 2068 5098 2535 3657 4511 1294]
[2958  985 2635 1614 5918 5395 2126 5621 5527 5659 2967 3594 2588 2584
 2068 5098 2535 3657 4511 1294]
(0.56581867,0.9893)
i: 1800 51.1860556602478

[ 393 5915  534 2294 2939 4109 5292 4884]
[ 393 5915  534 2294 2939 4109 5292 4884]
(0.95681829,0.9759)
i: 2000 51.17984890937805

[4817 5068 4247 4449 4998 4167 1594 4790 5227]
[4817 5068 4247 4449 4998 4167 1594 4790 5227]
(0.36231858,0.9882)
i: 2200 51.26215481758118

[1443  518 1443 2146  421  695 2146 5552 1213 1794   86  894  850  106
  850 1483 5928  248  889  111]
[1443  518 1443 2146  421  695 2146 5552 1213 1794   86  894  850  106
  850 1483 5928  248  889  111]
(0.28221808,0.9956)
i: 2400 51.37309908866882

[1421 2206  862 3438 2142 2973 4168 3125 4033 3006 4615 4415 5602]
[1421 2206  862 3438 2142 2973 4168 3125 4033 3006 4615 4415 5602]
(0.39591903,0.9900)
i: 2600 51.41837453842163

[5356 5158 2861 2334 1041  508  805 5713  287 4903 4042 3714 4255 4272
 1089 4952 3412  696]
[5356 5158 2861 2334 1041  508  805 5713  287 4903 4042 3714 4255 4272
 1089 4952 3412  696]
(0.40762040,0.9926)
i: 2800 51.46174645423889

[3238 4320 3119 4707 1264 1061   74 1964 5469 3058 4182]
[3238 4320 3119 4707 1264 1061   74 1964 5469 3058 4182]
(0.30361905,0.9900)
i: 3000 51.59469270706177

[5279 4162 1338  992 3350]
[5279 4162 1338  992 3350]
(0.32481837,0.9875)
i: 3200 51.56418061256409

[3074 1032  161 3451 1435 1776 4744 1829 5886  729 1983]
[3074 1032  161 3451 1435 1776 4744 1829 5886  729 1983]
(0.42151726,0.9849)
i: 3400 51.776424407958984

[1389 2806 5336 4267  498 3615  161  394 2373 2295 4746 4698 1155]
[1389 2806 5336 4267  498 3615  161  394 2373 2295 4746 4698 1155]
(0.30331866,0.9946)
i: 3600 51.78616213798523

[4968 1223 1532  423 1817  469  518 1033   47 2035 5058 2146  961  421
  111]
[4968 1223 1532  423 1817  469  518 1033   47 2035 5058 2146  961  421
  111]
(0.36351857,0.9865)
i: 3800 51.77005934715271

[ 387 4766 1552 3779 5465  413 4457 5232 5925 3056 5937 2002 1212 4974
 2828  203 3070]
[ 387 4766 1552 3779 5465  413 4457 5232 5925 3056 5937 2002 1212 4974
 2828  203 3070]
(0.21461784,0.9961)
i: 4000 51.83104753494263

[1158  724 1421 2945 5415 5252 5630 2159 1800  987 3004 2244]
[1158  724 1421 2945 5415 5252 5630 2159 1800  987 3004 2244]
(0.33391833,0.9880)
i: 4200 51.909804344177246
epoch: 2 0.390269

time:1094.55
0.996 0.994 0.995 0.992 0.992 0.990 0.990 0.990 0.990 0.989 0.989 0.989 0.989 0.990 0.989 0.990 0.989 0.990 0.990 0.990 0.990 0.990 0.990 0.990 0.990 0.990 0.990 0.990 0.989 0.989 0.989 0.989 0.989 0.989 0.989 0.989 0.989 0.989 0.989 0.989 0.989 0.989 0.990 0.990 0.990 0.990 0.990 0.990 0.990 0.990 0.990 0.990 0.990 0.990 0.990 0.990 0.990 0.990 0.990 0.990 0.990 0.990 0.990 0.990 0.990 0.990 0.990 0.990 0.990 0.990 0.990 0.990 0.990 0.990 0.990 0.990 0.990 0.990 0.990 0.990 0.990 0.990 0.990 0.990 0.990 0.990 0.990 0.990 0.990 0.990 0.990 0.990 0.990 0.990 0.990 0.990 0.990 0.990 0.990 0.989 0.989 0.990 0.990 0.990 0.990 0.990 0.990 0.990 0.990 0.990 0.990 0.990 0.990 0.990 0.990 0.990 0.990 0.990 0.990 0.990 0.990 0.990 0.990 0.990 0.990 0.990 0.990 0.990 0.990 0.990 0.990 0.990 0.990 0.990 0.990 0.990 0.990 0.990 0.990 0.990 0.990 0.990 0.990 0.990 0.990 0.990 0.990 0.990 0.990 0.990 0.990 0.990 0.990 0.990 0.990 0.990 0.990 0.990 0.990 0.990 0.990 0.990 0.990 0.990 0.990 0.990 0.990 0.990 0.990 0.990 0.990 0.990 0.990 0.990 0.990 0.990 0.990 0.990 0.990 0.990 0.990 0.990 0.990 0.990 0.990 0.990 0.990 0.990 0.990 0.990 0.990 0.990 0.990 0.990 0.990 0.990 0.990 0.990 0.990 0.990 
save to  cnn_bestv1.npy 0.9897930877958365

[2514 3656 2476 3076 1184 5069 2854 1212 1606 5265 5385 1968 1464 3117
 1645 2058]
[2514 3656 2476 3076 1184 5069 2854 1212 1606 5265 5385 1968 1464 3117
 1645 2058]
(0.33721901,0.9947)
i: 0 2.433718204498291

[1855 1682 1532 1417 5058 5408 1855  577]
[1855 1682 1532 1417 5058 5408 1855  577]
(0.15011788,0.9978)
i: 200 49.82227849960327

[4746  867 4081 5703 4760 3360 4726 3980  558  726 3733 1860]
[4746  867 4081 5703 4760 3360 4726 3980  558  726 3733 1860]
(0.31082006,0.9920)
i: 400 50.31400108337402

[4355  873 2604  814 3067]
[4355  873 2604  814 3067]
(0.78411882,0.9830)
i: 600 50.624346017837524

[4627 2367 4202 3580 5256  785 2068 2441 3399 5584 2712 5103 4151]
[4627 2367 4202 3580 5256  785 2068 2441 3399 5584 2712 5103 4151]
(0.85191843,0.9859)
i: 800 50.8109610080719

[4278 5216 5491 4049 3426 4126 4282 3296 4300 1333 4289]
[4278 5216 5491 4049 3426 4126 4282 3296 4300 1333 4289]
(0.27331720,0.9872)
i: 1000 50.543086767196655

[4058 5498 3605 4002  579 2815 4007 2090 4964 2990 5757 3407  810  824]
[4058 5498 3605 4002  579 2815 4007 2090 4964 2990 5757 3407  810  824]
(0.13721714,0.9988)
i: 1200 50.999422788619995

[1223  562  372 1701  111  558  270 1817  146 2111  242 2146 1951 5545]
[1223  562  372 1701  111  558  270 1817  146 2111  106 2146 1951 5545]
(0.44301907,0.9921)
i: 1400 51.44196343421936

[1840 2871 2136 1588 3402 5649 2130 4370 4128 1448 5527 2999 4477  415
 3553 2887 4903 4186 4603 2909  698 1042 2463  887 2136]
[1840 2871 2136 1588 3402 5649 2130 4370 4128 1448 5527 2999 4477  415
 3553 2887 4903 4186 4603 2909  698 1042 2463  887 2136]
(0.25151767,0.9943)
i: 1600 50.95840930938721

[2427 5699 2323  852  704  973 2747 5525 4185 5851 5667 4352 4102 5139
 5198 2212 2932 5230 2233  774 4718 4628 2351 1886]
[2427 5699 2323  852  704  973 2747 5525 4185 5851 5667 4352 4102 5139
 5198 2212 2932 5230 2233  774 4718 4628 2351 1886]
(0.19571831,0.9973)
i: 1800 50.99434423446655

[5139 1113 5490  951 2448]
[5139 1113 5490  951 2448]
(0.14121818,0.9868)
i: 2000 51.0378053188324

[3261  270  850 4747 5690 1006   86  242  577 1483  840  840 1006]
[3261  270  850 4747 5690 1006   86  242  577 1483  840  840 1006]
(0.27831820,0.9951)
i: 2200 51.20035195350647

[ 774 1899 5067   92 3282 1107 4849 4224 1700  523 1095 2249 5657 5795]
[ 774 1899 5067   92 3282 1107 4849 4224 1700  523 1095 2249 5657 5795]
(0.15051746,0.9954)
i: 2400 51.48418641090393

[2300 2680 3058 3809 2016  286 5777  853 2886 2523  862]
[2300 2680 3058 3809 2016  286 5777  853 2886 2523  862]
(0.35101854,0.9768)
i: 2600 51.258684158325195

[3808 1555 4598 4792 5555 5393 5259  528 3588  341  599 4749 4454 1455
 5081 3748]
[3808 1555 4598 4792 5555 5393 5259  528 3588  341  599 4749 4454 1455
 5081 3748]
(0.37681973,0.9939)
i: 2800 51.32951617240906

[2654 2790 2026 2920 4120 4344 4014 3871 5093  713]
[2654 2790 2026 2920 4120 4344 4014 3871 5093  713]
(0.28201803,0.9917)
i: 3000 51.41591238975525

[5222  640 3113 5016   17  313 4652 1123 5320 2288  877 3506 1989]
[5222  640 3113 5016   17  313 4652 1123 5320 2288  877 3506 1989]
(0.29741818,0.9923)
i: 3200 51.628222703933716

[ 719 4621 4722 1971 2756 2378 1609 3288 1968 2243 2355]
[ 719 4621 4722 1971 2756 2378 1609 3288 1968 2243 2355]
(0.19401710,0.9965)
i: 3400 51.57909536361694

[3402  335 4736  526 5887 3383 5076 1845]
[3402  335 4736  526 5887 3383 5076 1845]
(0.36761837,0.9924)
i: 3600 51.81253504753113

[2636 1877 3996 4777  686 1223]
[2636 1877 3996 4777  686 1223]
(0.28831801,0.9922)
i: 3800 51.6907753944397

[ 412  188  923 2151 4861 2429 2639 1875 4199 2466]
[ 412  188  923 2151 4861 2429 2639 1875 4199 2466]
(0.21391917,0.9963)
i: 4000 51.93527889251709

[4447 5532 4510 2354 2683 1661 4846 5803 5655 3127]
[4447 5532 4510 2354 2683 1661 4846 5803 5655 3127]
(0.24731891,0.9926)
i: 4200 51.85137724876404
epoch: 3 0.29138654

time:1093.80
0.994 0.986 0.989 0.992 0.991 0.991 0.992 0.993 0.992 0.991 0.991 0.991 0.991 0.991 0.991 0.992 0.992 0.992 0.992 0.991 0.991 0.991 0.990 0.990 0.991 0.991 0.991 0.991 0.990 0.990 0.990 0.990 0.990 0.991 0.991 0.991 0.991 0.991 0.991 0.991 0.991 0.991 0.991 0.991 0.991 0.991 0.991 0.991 0.991 0.991 0.991 0.991 0.991 0.991 0.991 0.991 0.991 0.991 0.991 0.991 0.991 0.991 0.991 0.991 0.991 0.991 0.991 0.991 0.991 0.991 0.991 0.991 0.991 0.991 0.991 0.991 0.991 0.991 0.991 0.991 0.991 0.991 0.991 0.991 0.991 0.991 0.991 0.991 0.991 0.991 0.991 0.991 0.991 0.991 0.991 0.991 0.991 0.991 0.991 0.991 0.991 0.991 0.991 0.991 0.991 0.991 0.991 0.991 0.991 0.991 0.991 0.991 0.991 0.991 0.991 0.991 0.991 0.991 0.991 0.991 0.991 0.991 0.991 0.991 0.991 0.991 0.991 0.991 0.991 0.991 0.991 0.991 0.991 0.991 0.991 0.991 0.991 0.991 0.991 0.991 0.992 0.992 0.992 0.992 0.992 0.992 0.992 0.992 0.992 0.992 0.992 0.992 0.992 0.992 0.992 0.992 0.991 0.992 0.992 0.992 0.992 0.992 0.991 0.991 0.992 0.992 0.992 0.992 0.992 0.991 0.991 0.991 0.991 0.991 0.991 0.991 0.991 0.991 0.991 0.991 0.992 0.992 0.992 0.992 0.992 0.992 0.992 0.992 0.992 0.992 0.992 0.992 0.992 0.992 0.992 0.992 0.992 0.992 0.992 0.992 
save to  cnn_bestv1.npy 0.9915698077966658

[1839  589 3539   88 3401  435  295 3510 3160 5586  586 4493 4331 2163
 3471]
[1839  589 3539   88 3401  435  295 3510 3160 5586  586 4493 4331 2163
 3471]
(0.15011787,0.9905)
i: 0 2.503889322280884

[4949 5192  513 3161 4448 3144 5309 3783  988 1845  679]
[4949 5192  513 3161 4448 3144 5309 3783  988 1845  679]
(0.18461895,0.9968)
i: 200 49.76026153564453

[1654 3551 1965 4660 3176 1954 1692 5772]
[1654 3551 1965 4660 3176 1954 1692 5772]
(0.14671858,0.9973)
i: 400 50.48800587654114

[ 929 2147 1555 3014 2417 1021 1857 3498  296 5558 1436 1164  215 2839
 1687 5284 2017]
[ 929 2147 1555 3014 2417 1021 1857 3498  296 5558 1436 1164  215 2839
 1687 5284 2017]
(0.34661978,0.9818)
i: 600 50.95921730995178

[ 821 3355 4911 3883 1829 3943 1240 5681 3571  950 1961 1915 2848 4492
  815 2730 3068 4903   18 2692 5362 5009  702 1513  973]
[ 821 3355 4911 3883 1829 3943 1240 5681 3571  950 1961 1915 2848 4492
  815 2730 3068 4903   18 2692 5362 5009  702 1513  973]
(0.18381944,0.9907)
i: 800 50.83233118057251

[5442  238 2802 3828 3206 1999 1856 3287  583 4864 3304  468 1825 2707
 2955]
[5442  238 2802 3828 3206 1999 1856 3287  583 4864 3304  468 1825 2707
 2955]
(0.18201931,0.9969)
i: 1000 51.03071069717407

[ 695 5928 4975 1532  377  575  774 3317  146  913 4975  577  146 2880]
[ 695 5928 4975 1532  377  575  774 3317  146  913 4975  577  146 2880]
(0.29791786,0.9927)
i: 1200 51.11028838157654

[3957 3840 2207 1024  635 4047 1325 3220 5777 2531 3479]
[3957 3840 2207 1024  635 4047 1325 3220 5777 2531 3479]
(0.39071813,0.9923)
i: 1400 51.215473651885986

[2216  457 1564  331 3427  755 4582 1394]
[2216  457 1564  331 3427  755 4582 1394]
(0.20451800,0.9972)
i: 1600 51.209364891052246

[1855 5158 3808  864 5136  368 5629 2755]
[1855 5158 3808  864 5136  368 5629 2755]
(0.26351848,0.9935)
i: 1800 51.20921564102173

[5121 4647 4523 4217 3843 1303]
[5121 4647 4523 4217 3843 1303]
(0.19791806,0.9956)
i: 2000 51.345747232437134

[1483 1794  344  420  139]
[1483 1794  344  420  139]
(0.33961821,0.9868)
i: 2200 51.36680459976196

[4702  738 4147 3979 2338 4514 4656 1412 1562 2697]
[4702  738 4147 3979 2338 4514 4656 1412 1562 2697]
(0.55591769,0.9893)
i: 2400 51.48715829849243

[4059 1673 5286 2267 1918 3578    8  684 3557 4836  934 5715  208 3656
  198 5055 2898]
[4059 1673 5286 2267 1918 3578    8  684 3557 4836  934 5715  208 3656
  198 5055 2898]
(0.16831959,0.9949)
i: 2600 51.50081777572632

[2441 3920  689 4825 2985  280 1613 1729  203 3539  715 3580  579 2519]
[2441 3920  689 4825 2985  280 1613 1729  203 3539  715 3580  579 2519]
(0.83931872,0.9840)
i: 2800 51.75282883644104

[2914 5045  445 3949 5569 3168   39 4539 4215 4405 5153  509 2089 5319
 1348 1710 3595 2143 2785 2049 5828 3216 2664]
[2914 5045  445 3949 5569 3168   39 4539 4215 4405 5153  509 2089 5319
 1348 1710 3595 2143 2785 2049 5828 3216 2664]
(0.10931847,0.9989)
i: 3000 51.860891580581665

[3801 3526  168 3122  633 2865]
[3801 3526  168 3122  633 2865]
(0.14091931,0.9979)
i: 3200 51.84399390220642

[ 233 5217 1251 2067 1722 5791 5197 4152   28]
[ 233 5217 1251 2067 1722 5791 5197 4152   28]
(0.19941775,0.9854)
i: 3400 51.966599225997925

[2024 4586  342 2161 1835 5671 5428 2364  621 2801 3932 2212 3456 2776
 4982 1753  526]
[2024 4586  342 2161 1835 5671 5428 2364  621 2801 3932 2212 3456 2776
 4982 1753  526]
(0.43731865,0.9845)
i: 3600 51.94929647445679

[ 729 3565 1783 5959 1473  616]
[ 729 3565 1783 5959 1473  616]
(0.17531692,0.9947)
i: 3800 51.92938804626465

[ 252 3530 4073 2322 4189   57 5157 1932 2512 3333  217 4342]
[ 252 3530 4073 2322 4189   57 5157 1932 2512 3333  217 4342]
(0.33041897,0.9842)
i: 4000 52.147814989089966

[ 409 2326 3422 3466 4384 2835 4978  929 4840 2820 1601 4436  935]
[ 409 2326 3422 3466 4384 2835 4978  929 4840 2820 1601 4436  935]
(0.27061943,0.9959)
i: 4200 52.06275939941406
epoch: 4 0.24945673

time:1098.22
0.992 0.991 0.993 0.989 0.991 0.992 0.992 0.993 0.993 0.994 0.994 0.994 0.994 0.994 0.994 0.994 0.994 0.994 0.994 0.994 0.994 0.995 0.995 0.994 0.994 0.994 0.994 0.994 0.994 0.994 0.994 0.994 0.994 0.994 0.994 0.994 0.994 0.994 0.994 0.994 0.994 0.994 0.993 0.993 0.993 0.993 0.993 0.994 0.994 0.994 0.994 0.994 0.994 0.994 0.994 0.994 0.994 0.994 0.994 0.994 0.994 0.994 0.994 0.994 0.993 0.993 0.993 0.993 0.993 0.993 0.993 0.993 0.993 0.993 0.993 0.993 0.993 0.993 0.993 0.993 0.993 0.993 0.993 0.993 0.993 0.993 0.993 0.993 0.993 0.993 0.993 0.993 0.993 0.993 0.993 0.993 0.993 0.993 0.993 0.993 0.993 0.993 0.993 0.993 0.993 0.993 0.993 0.993 0.993 0.993 0.993 0.993 0.993 0.993 0.993 0.993 0.993 0.993 0.993 0.993 0.993 0.993 0.993 0.993 0.993 0.993 0.993 0.993 0.993 0.993 0.993 0.993 0.993 0.993 0.993 0.993 0.993 0.993 0.993 0.993 0.993 0.993 0.993 0.993 0.993 0.993 0.993 0.993 0.993 0.993 0.993 0.993 0.993 0.993 0.993 0.993 0.993 0.993 0.993 0.993 0.993 0.993 0.993 0.993 0.993 0.993 0.993 0.993 0.993 0.993 0.993 0.993 0.993 0.993 0.993 0.993 0.993 0.993 0.993 0.993 0.993 0.993 0.993 0.993 0.993 0.993 0.993 0.993 0.993 0.993 0.993 0.993 0.993 0.993 0.993 0.993 0.993 0.993 0.993 0.993 
save to  cnn_bestv1.npy 0.9926153343368099

[5233 4771  677 3917  707 2911]
[5233 4771  677 3917  707 2911]
(0.10441868,0.9914)
i: 0 2.4223380088806152

[5555 2427 5323  815  529 1183 2717 5729 5471 4977 1606 2521 2018 1188
  806]
[5555 2427 5323  815  529 1183 2717 5729 5471 4977 1606 2521 2018 1188
  806]
(0.09661904,0.9995)
i: 200 49.65115737915039

[3763 3765 3395 2063 3914 1738 1420 4144 4936 4843 4380 1423 1541 4703]
[3763 3765 3395 2063 3914 1738 1420 4144 4936 4843 4380 1423 1541 4703]
(0.16811894,0.9979)
i: 400 50.28485679626465

[3321 2774 2159 4775 3426 3074 2703 2639 5387 3899   15 4391 1880 2455
  995 3505 1122]
[3321 2774 2159 4775 3426 3074 2703 2639 5387 3899   15 4391 1880 2455
  995 3505 1122]
(0.40961883,0.9835)
i: 600 50.590338945388794

[3060 5415 1281 2975  556 2785 1945 2688 5142 2517 3532 5153 1879]
[3060 5415 1281 2975  556 2785 1945 2688 5142 2517 3532 5153 1879]
(0.30581862,0.9925)
i: 800 50.740565061569214

[3202  526 4925 1657 2015 4636  528 4967 2736 2252 1616  661 5680 3870]
[3202  526 4925 1657 2015 4636  528 4967 2736 2252 1616  661 5680 3870]
(0.15821808,0.9934)
i: 1000 50.92488408088684

[5326 2677 2982 1937  925 1849 1235 5220 4972 4977 1969  143  580 4896
 5825 2763 4926 1292 3050 2058 5432]
[5326 2677 2982 1937  925 1849 1235 5220 4972 4977 1969  143  580 4896
 5825 2763 4926 1292 3050 2058 5432]
(0.13291869,0.9904)
i: 1200 50.98314428329468

[3001 5147  356 2564 2985 3449]
[3001 5147  356 2564 2985 3449]
(0.25961901,0.9953)
i: 1400 50.88841891288757

[2063  321 4772 5944 2482 3861 3112 3766 2648 1418 3377 5148 3879 5794
 5636 4738  870]
[2063  321 4772 5944 2482 3861 3112 3766 2648 1418 3377 5148 3879 5794
 5636 4738  870]
(0.40191833,0.9913)
i: 1600 50.91288733482361

[3643 3020 3336  397 5146 5660 2869 1748 4854 3457 2305  208]
[3643 3020 3336  397 5146 5660 2869 1748 4854 3457 2305  208]
(0.15441811,0.9956)
i: 1800 51.01032757759094

[1701  695  270 4975 1817  867   47  555  633   47]
[1701  695  270 4975 1817  867   47  555  633   47]
(0.18701883,0.9968)
i: 2000 51.05593776702881

[4925 4048  889 2741 3935  473 3422 3010 5362 4706]
[4925 4048  889 2741 3935  473 3422 3010 5362 4706]
(0.14481890,0.9889)
i: 2200 51.13991141319275

[4972  235 3388 3996 3442 1065 5138 5809 2169  665 1178 5226  237  615
 1630 3567 4467 5242 2860 1715]
[4972  235 3388 3996 3442 1065 5138 5809 2169  665 1178 5226  237  615
 1630 3567 4467 5242 2860 1715]
(0.26281883,0.9952)
i: 2400 51.347856521606445

[5963 2357 4092 1076 2839 2727 3541 4141 4172 2594 1433 3076 5928 3884
 2347]
[5963 2357 4092 1076 2839 2727 3541 4141 4172 2594 1433 3076 5928 3884
 2347]
(0.21861801,0.9928)
i: 2600 51.223987340927124

[1487 1983 3874  549 1141 1574 1701 2276 5697 5077 1097 1204 3566  910
 2820  924]
[1487 1983 3874  549 1141 1574 1701 2276 5697 5077 1097 1204 3566  910
 2820  924]
(0.16431857,0.9898)
i: 2800 51.429550886154175

[ 353 2661 4565 1703 4870  977 1514 1665 2787 4292  443 3562 5966 2425
 4204]
[ 353 2661 4565 1703 4870  977 1514 1665 2787 4292  443 3562 5966 2425
 4204]
(0.22501909,0.9770)
i: 3000 51.42317247390747

[5520 1348 5251 1760 3879 2790 5486 5949]
[5520 1348 5251 1760 3879 2790 5486 5949]
(0.09281827,0.9978)
i: 3200 51.48814797401428

[ 882 4709  555  882 1531 5449 3606  589 1542 4065 1740 3535]
[ 882 4709  555  882 1531 5449 3606  589 1542 4065 1740 3535]
(0.16421829,0.9787)
i: 3400 51.69071078300476

[4677 1810 3094 1959   98 5107 4987  102 4899  785 3751 3455]
[4677 1810 3094 1959   98 5107 4987  102 4899  785 3751 3455]
(0.12611913,0.9922)
i: 3600 51.82939267158508

[1276 1884 2472 4906 2001  966 1797 1519  959 1866 2849 4008 1368 2680
 4777 1916 2938]
[1276 1884 2472 4906 2001  966 1797 1519  959 1866 2849 4008 1368 2680
 4777 1916 2938]
(0.35121962,0.9847)
i: 3800 51.74818277359009

[4407 2659 4446 2750 1465  553 5138 5076 4463 5015 2137 1507 4432 4876]
[4407 2659 4446 2750 1465  553 5138 5076 4463 5015 2137 1507 4432 4876]
(0.18701890,0.9963)
i: 4000 51.74583911895752

[3312  369 3347 3928 1679 3902  138 2765 1728 1137  659 1226 4080 5577
 4034 4730]
[3312  369 3347 3928 1679 3902  138 2765 1728 1137  659 1226 4080 5577
 4034 4730]
(0.30211898,0.9895)
i: 4200 51.98710060119629
epoch: 5 0.22027738

time:1093.13
0.997 0.993 0.994 0.993 0.994 0.994 0.992 0.991 0.992 0.992 0.993 0.993 0.993 0.992 0.993 0.993 0.993 0.993 0.993 0.993 0.993 0.993 0.993 0.994 0.993 0.993 0.993 0.993 0.993 0.993 0.993 0.993 0.993 0.993 0.993 0.993 0.993 0.994 0.994 0.993 0.993 0.994 0.994 0.994 0.993 0.993 0.993 0.993 0.993 0.993 0.993 0.993 0.993 0.993 0.993 0.993 0.993 0.993 0.993 0.993 0.993 0.993 0.993 0.993 0.993 0.993 0.993 0.992 0.993 0.992 0.992 0.992 0.992 0.992 0.992 0.992 0.992 0.992 0.992 0.992 0.992 0.992 0.992 0.992 0.992 0.992 0.992 0.992 0.992 0.992 0.992 0.992 0.992 0.992 0.992 0.992 0.993 0.993 0.993 0.993 0.993 0.993 0.993 0.993 0.993 0.993 0.993 0.993 0.993 0.993 0.993 0.993 0.993 0.993 0.993 0.993 0.993 0.993 0.993 0.993 0.993 0.993 0.993 0.993 0.993 0.993 0.993 0.993 0.993 0.993 0.993 0.993 0.993 0.993 0.993 0.993 0.993 0.993 0.993 0.993 0.993 0.993 0.993 0.993 0.993 0.993 0.993 0.993 0.993 0.993 0.993 0.993 0.993 0.993 0.993 0.993 0.993 0.993 0.993 0.993 0.993 0.993 0.993 0.993 0.993 0.993 0.993 0.993 0.993 0.993 0.993 0.993 0.993 0.994 0.994 0.994 0.994 0.994 0.994 0.993 0.993 0.993 0.993 0.994 0.994 0.993 0.993 0.993 0.993 0.994 0.993 0.993 0.993 0.993 0.993 0.993 0.993 0.993 0.993 0.993 
save to  cnn_bestv1.npy 0.9934038972681377

[2485 1816 1035 2077  324  297 1190 4604 1673  634 1674 2594 4246  886
  958]
[2485 1816 1035 2077  324  297 1190 4604 1673  634 1674 2594 4246  886
  958]
(0.37031882,0.9809)
i: 0 2.373474359512329

[1500 2362 4981 1101  667 4951 3718  119  521 5153 4068  465  895]
[1500 2362 4981 1101  667 4951 3718  119  521 5153 4068  465  895]
(0.08271864,0.9989)
i: 200 49.803675174713135

[2451 3435 5356  294 3622  853 4191  515 4980 1734 1677 4362 2008 1775
 4501 3349 1337]
[2451 3435 5356  294 3622  853 4191  515 4980 1734 1677 4362 2008 1775
 4501 3349 1337]
(0.11581763,0.9875)
i: 400 50.24122333526611

[2133 1416 2028 2933 3895 4513 5471  218 5251 5153 3489 5534 3990 2181]
[2133 1416 2028 2933 3895 4513 5471  218 5251 5153 3489 5534 3990 2181]
(0.17181819,0.9973)
i: 600 50.46267795562744

[4596 2230 4881 3833 5415 3005 3090 1409 1659 1847 1931 2661 4066 1842
 5471]
[4596 2230 4881 3833 5415 3005 3090 1409 1659 1847 1931 2661 4066 1842
 5471]
(0.13751970,0.9980)
i: 800 50.623287200927734

[ 421 5690 5408   86  889 1817  421 2880  558 4975  111  146  242 2494
  469   81  575 1524]
[ 421 5690 5408   86  889 1817  421 2880  558 4975  111  146  242 2494
  469   81  575 1524]
(0.16781916,0.9943)
i: 1000 50.69815492630005

[2114 2375 1234 1492 2710 4624 1796 4999  858 4849 2649 2020 4894]
[2114 2375 1234 1492 2710 4624 1796 4999  858 4849 2649 2020 4894]
(0.15481839,0.9978)
i: 1200 50.753475189208984

[2911 4895  867 5450 4287]
[2911 4895  867 5450 4287]
(0.17131796,0.9967)
i: 1400 50.82813882827759

[3133 2507 4362 2612 1890 2990  945 1951 2249 2575 1731  649 1320 3187
 3845]
[3133 2507 4362 2612 1890 2990  945 1951 2249 2575 1731  649 1320 3187
 3845]
(0.05241763,0.9989)
i: 1600 50.88260817527771

[2656 1213 4906 3164 1380 3026  618 5111 4434]
[2656 1213 4906 3164 1380 3026  618 5111 4434]
(0.30211893,0.9820)
i: 1800 51.01893877983093

[ 572 5722  765 5458 5103 2750 4590 4622 1062 5230 1577 1997 1692 4198
 3744]
[ 572 5722  765 5458 5103 2750 4590 4622 1062 5230 1577 1997 1692 4198
 3744]
(0.11341852,0.9984)
i: 2000 51.04848647117615

[ 375 2375  793 2844 5895 1371  826 5894 4825 1018 2330 3273 3834 1736
 5325 2644 2049 2492 3369  158   78 4686]
[ 375 2375  793 2844 5895 1371  826 5894 4825 1018 2330 3273 3834 1736
 5325 2644 2049 2492 3369  158   78 4686]
(0.25631796,0.9950)
i: 2200 51.12922024726868

[4873 5145 2493 1396 3102 3961 5290 2849  776 3692  855 4144 3002  285
 3698]
[4873 5145 2493 1396 3102 3961 5290 2849  776 3692  855 4144 3002  285
 3698]
(0.08821839,0.9951)
i: 2400 51.176392793655396

[1480 4768 1518 1493 3832]
[1480 4768 1518 1493 3832]
(0.16941800,0.9967)
i: 2600 51.30441617965698

[ 145 3275 4714 1340 5022 2768   64 3943 2454 3306 3477  467 4594  295
 5840 4611]
[ 145 3275 4714 1340 5022 2768   64 3943 2454 3306 3477  467 4594  295
 5840 4611]
(0.09011961,0.9990)
i: 2800 51.38642334938049

[ 557 1807 1144 5642 4389]
[ 557 1807 1144 5642 4389]
(0.20291804,0.9800)
i: 3000 51.50763416290283

[4032 3804 3020 2122 5057 3226 4589 4785 2950  259 1219 3376 4757 5910
 4952 5388]
[4032 3804 3020 2122 5057 3226 4589 4785 2950  259 1219 3376 4757 5910
 4952 5388]
(0.10261960,0.9980)
i: 3200 51.590264081954956

[2723 1294 2423 2629 2530 3343 5198 3781 1412 1417  967 5854 1739 4158
  983 3809 3001 4970]
[2723 1294 2423 2629 2530 3343 5198 3781 1412 1417  967 5854 1739 4158
  983 3809 3001 4970]
(0.11411829,0.9956)
i: 3400 51.6378173828125

[3273 3825  856 3156 4098 3422 2469 4697 3368 2361 1847 4310 1851 4350
  680 1031  120 3420 3839 3892 4635  138  174  543 5089]
[3273 3825  856 3156 4098 3422 2469 4697 3368 2361 1847 4310 1851 4350
  680 1031  120 3420 3839 3892 4635  138  174  543 5089]
(0.07701837,0.9995)
i: 3600 51.685770988464355

[5779 4874 3813 5707 3806 5621 5705  243 5044 2405 4813  300 3719]
[5779 4874 3813 5707 3806 5621 5705  243 5044 2405 4813  300 3719]
(0.07691794,0.9983)
i: 3800 51.82503652572632

[ 209 5839  852 2517 2199 5168  297 4314 4705 4190 3933  174  390 3198
 1938 1436]
[ 209 5839  852 2517 2199 5168  297 4314 4705 4190 3933  174  390 3198
 1938 1436]
(0.15591911,0.9974)
i: 4000 51.870240688323975

[ 391 3479 1418 2914 3429 4070 4095   47 3441 3689 1103 4674 5849]
[ 391 3479 1418 2914 3429 4070 4095   47 3441 3689 1103 4674 5849]
(0.48231806,0.9845)
i: 4200 51.89367437362671
epoch: 6 0.19801922

time:1092.38
0.999 0.999 0.997 0.994 0.995 0.994 0.992 0.993 0.993 0.993 0.994 0.993 0.993 0.994 0.993 0.993 0.993 0.993 0.993 0.992 0.992 0.992 0.992 0.992 0.992 0.992 0.992 0.992 0.992 0.992 0.992 0.992 0.992 0.992 0.992 0.993 0.993 0.993 0.993 0.993 0.993 0.993 0.993 0.993 0.993 0.993 0.993 0.993 0.993 0.993 0.993 0.993 0.993 0.993 0.993 0.994 0.994 0.994 0.994 0.994 0.994 0.994 0.994 0.994 0.994 0.994 0.994 0.994 0.994 0.994 0.994 0.994 0.994 0.994 0.994 0.994 0.994 0.994 0.994 0.994 0.994 0.994 0.994 0.994 0.994 0.994 0.994 0.994 0.994 0.994 0.994 0.994 0.994 0.994 0.994 0.994 0.994 0.994 0.994 0.994 0.994 0.994 0.994 0.994 0.994 0.994 0.994 0.994 0.994 0.994 0.994 0.994 0.994 0.994 0.994 0.994 0.994 0.994 0.994 0.994 0.994 0.994 0.994 0.994 0.994 0.994 0.994 0.994 0.994 0.994 0.994 0.994 0.994 0.994 0.994 0.994 0.994 0.994 0.994 0.994 0.994 0.994 0.994 0.994 0.994 0.994 0.994 0.994 0.994 0.994 0.994 0.994 0.994 0.994 0.994 0.994 0.994 0.994 0.994 0.994 0.994 0.994 0.994 0.994 0.994 0.994 0.994 0.994 0.994 0.994 0.994 0.994 0.994 0.994 0.994 0.994 0.994 0.994 0.994 0.994 0.994 0.994 0.994 0.994 0.994 0.994 0.994 0.994 0.994 0.994 0.994 0.994 0.994 0.994 0.994 0.994 0.994 0.994 0.994 0.994 
save to  cnn_bestv1.npy 0.9941193766539254

[2828 2622 3811 4327 5092 5193 3662 2235 3813 5480 1341  204]
[2828 2622 3811 4327 5092 5193 3662 2235 3813 5480 1341  204]
(0.11371884,0.9973)
i: 0 2.5523622035980225

[5697 4334  148 4098 5402 3815 5431 1567 1384 4500  100 2010 5022 2441]
[5697 4334  148 4098 5402 3815 5431 1567 1384 4500  100 2010 5022 2441]
(0.06991762,0.9994)
i: 200 49.6986882686615

[5685 2843 5032 3954 3338 4445 5401 1131 3439 5225 1021 2435  701 2075
 3776]
[5685 2843 5032 3954 3338 4445 5401 1131 3439 5225 1021 2435  701 2075
 3776]
(0.07571838,0.9984)
i: 400 50.45964193344116

[1541 1138 5200 4774 2413 5187 1133 3556 3196 5471]
[1541 1138 5200 4774 2413 5187 1133 3556 3196 5471]
(0.18911893,0.9900)
i: 600 50.575870513916016

[3239 3513 3875 4728 1371 5984 2036 4620  494]
[3239 3513 3875 4728 1371 5984 2036 4620  494]
(0.18871948,0.9923)
i: 800 50.60756540298462

[ 382 4046 2673 2828 1408  415  191 1754 4001 2600 1872 3600 1646  188
  511 3373 2420  834  842 5528  448 1937]
[ 382 4046 2673 2828 1408  415  191 1754 4001 2600 1872 3600 1646  188
  511 3373 2420  834  842 5528  448 1937]
(0.16861805,0.9961)
i: 1000 50.8383526802063

[2909 4972  597 1890 3056 1223 3682 3424 1481 2783 2382 2262 5885]
[2909 4972  597 1890 3056 1223 3682 3424 1481 2783 2382 2262 5885]
(0.21611903,0.9968)
i: 1200 51.084705114364624

[1717 2700 5247  246 1043 3162 2679 1940]
[1717 2700 5247  246 1043 3162 2679 1940]
(0.08761884,0.9984)
i: 1400 50.9984827041626

[4474   42 1747 3550 3156 1413 4381 4301 1918]
[4474   42 1747 3550 3156 1413 4381 4301 1918]
(0.81201822,0.9852)
i: 1600 51.14835000038147

[ 518 2684 5592 4059 3672 5516 4293 1502 3308 4762 4286 1783 4862]
[ 518 2684 5592 4059 3672 5516 4293 1502 3308 4762 4286 1783 4862]
(0.10391769,0.9983)
i: 1800 51.28014278411865

[ 151 4408 2956 3674 4053 5415  616   41 5120 4719 3785]
[ 151 4408 2956 3674 4053 5415  616   41 5120 4719 3785]
(0.19911859,0.9952)
i: 2000 51.19970941543579

[  60 2776 3717 5433 3862]
[  60 2776 3717 5433 3862]
(0.15681900,0.9968)
i: 2200 51.26281428337097

[1136 4249 3568 4926 4404 5719  291 5290 4719 4691  360 3139   54 5418
 1404 2022 4624 1902 5074 3355]
[1136 4249 3568 4926 4404 5719  291 5290 4719 4691  360 3139   54 5418
 1404 2022 4624 1902 5074 3355]
(0.62661832,0.9902)
i: 2400 51.175363302230835

[3173 2033 5215 1190 1565 2574 2817  172]
[3173 2033 5215 1190 1565 2574 2817  172]
(0.11191779,0.9983)
i: 2600 51.252506256103516

[2101 5387 1249 1632  748 2530 5275]
[2101 5387 1249 1632  748 2530 5275]
(0.21721797,0.9955)
i: 2800 51.29502201080322

[1555 1841 2259 2004 4796 4830 4210 2285 2319 3863  550 1963 2934 4779]
[1555 1841 2259 2004 4796 4830 4210 2285 2319 3863  550 1963 2934 4779]
(0.16081873,0.9947)
i: 3000 51.475528955459595

[4695 2934 3578 1703 1589]
[4695 2934 3578 1703 1589]
(0.14531953,0.9969)
i: 3200 51.57072997093201

[1342 2947 1090 4251 5873  754 5961  786 5287 5694 4688  635  554 2719]
[1342 2947 1090 4251 5873  754 5961  786 5287 5694 4688  635  554 2719]
(0.08291869,0.9973)
i: 3400 51.61469030380249

[1559 1106 2833 1738 3527 3273  635 1500 3749 3835 1549 2676 1863 3013
 2576 2163 5422 3752 3756 2778]
[1559 1106 2833 1738 3527 3273  635 1500 3749 3835 1549 2676 1863 3013
 2576 2163 5422 3752 3756 2778]
(0.08781823,0.9945)
i: 3600 51.63449263572693

[1197 3721 2140 2383 2484 5179 5978]
[1197 3721 2140 2383 2484 5179 5978]
(0.33521909,0.9874)
i: 3800 51.75423288345337

[4422  207 4480 5794  383 3844 3333 4575 1255 2033  603 4200  459  679
 3704 2709 4131]
[4422  207 4480 5794  383 3844 3333 4575 1255 2033  603 4200  459  679
 3704 2709 4131]
(0.13771801,0.9967)
i: 4000 51.903932094573975

[1397  747 2096 4728 3964  711 3819 1396 3254 3697 5665    2 3095  341
 2923]
[1397  747 2162 4728 3964  711 3819 1396 3254 3697 5665    2 3095  341
 2923]
(0.23731868,0.9925)
i: 4200 51.92980623245239
epoch: 7 0.18302761

time:1093.94
0.991 0.995 0.995 0.996 0.996 0.996 0.996 0.996 0.996 0.995 0.995 0.995 0.995 0.994 0.995 0.995 0.994 0.993 0.993 0.993 0.993 0.993 0.993 0.993 0.993 0.994 0.994 0.994 0.994 0.994 0.994 0.994 0.994 0.994 0.994 0.994 0.994 0.994 0.994 0.994 0.994 0.994 0.994 0.994 0.994 0.994 0.994 0.994 0.994 0.994 0.994 0.994 0.994 0.994 0.994 0.994 0.994 0.994 0.994 0.994 0.994 0.994 0.994 0.994 0.994 0.995 0.994 0.994 0.994 0.994 0.994 0.994 0.995 0.995 0.995 0.995 0.995 0.995 0.995 0.995 0.995 0.995 0.995 0.995 0.995 0.995 0.995 0.995 0.995 0.995 0.995 0.995 0.995 0.995 0.995 0.995 0.995 0.995 0.995 0.995 0.995 0.995 0.995 0.995 0.995 0.995 0.995 0.995 0.995 0.995 0.995 0.995 0.995 0.995 0.995 0.995 0.995 0.995 0.995 0.995 0.995 0.994 0.994 0.994 0.994 0.994 0.994 0.994 0.994 0.994 0.994 0.994 0.994 0.994 0.995 0.995 0.995 0.995 0.995 0.995 0.995 0.995 0.995 0.995 0.995 0.995 0.995 0.995 0.995 0.995 0.995 0.995 0.995 0.995 0.994 0.994 0.995 0.995 0.995 0.995 0.995 0.995 0.995 0.995 0.995 0.995 0.995 0.995 0.995 0.995 0.995 0.995 0.995 0.995 0.995 0.995 0.995 0.995 0.995 0.995 0.995 0.995 0.995 0.995 0.995 0.995 0.995 0.995 0.995 0.995 0.995 0.995 0.995 0.994 0.995 0.994 0.995 0.995 0.995 0.995 
save to  cnn_bestv1.npy 0.9945707062786598

[ 689  961 2880  577   86 1180 1524  695  575]
[ 689  961 2880  577   86 1180 1524  695  575]
(0.05931759,0.9989)
i: 0 2.4971721172332764

[2238 3363 2070  861 5921]
[2238 3363 2070  861 5921]
(0.09511837,0.9951)
i: 200 49.74126672744751

[5268   87 2329 1623  753 3138 3905 1376 3863 5401 4533 2485 4268]
[5268   87 2329 1623  753 3138 3905 1376 3863 5401 4533 2485 4268]
(0.13131971,0.9975)
i: 400 50.42767691612244

[ 562 4975   81  377 1794 5408  850 1767  555 1794 4747  555]
[ 562 4975   81  377 1794 5408  850 1767  555 1794 4747  555]
(0.05961837,0.9995)
i: 600 50.5435516834259

[3411 1773 2080 2787 2255 3815 3928  892  785  418 2411]
[3411 1773 2080 2787 2255 3815 3928  892  785  418 2411]
(0.11641764,0.9972)
i: 800 50.64172172546387

[2571 1361 4715 4020 3544 2728 1904 4168 2948]
[2571 1361 4715 4020 3544 2728 1904 4168 2948]
(0.13831889,0.9947)
i: 1000 50.93766450881958

[4004 4073 3550 4024 1446 4362 5135 4913]
[4004 4073 3550 4024 1446 4362 5135 4913]
(0.14921828,0.9880)
i: 1200 50.918142795562744

[4366 4810 3128 3927 5496 2982 1774  192 5213 3921 3027 1477]
[4366 4810 3128 3927 5496 2982 1774  192 5213 3921 3027 1477]
(0.11011785,0.9978)
i: 1400 51.173465728759766

[2757  100 3363  701 2373 4996 1387 3385 3512 4536 5697 2866 3739 1795
 5092]
[2757  100 3363  701 2373 4996 1387 3385 3512 4536 5697 2866 3739 1795
 5092]
(0.12561840,0.9984)
i: 1600 51.185566425323486

[3479 4537 4214 5825 3086 2372]
[3479 4537 4214 5825 3086 2372]
(0.19231883,0.9947)
i: 1800 51.24273157119751

[4156 1363  908 1983 4360 1251  744 2666  177 2426]
[4156 1363  908 1983 4360 1251  744 2666  177 2426]
(0.08731870,0.9979)
i: 2000 51.20358157157898

[1032 3086  832 4298 4771 3168 1586 4388]
[1032 3086  832 4298 4771 3168 1586 4388]
(0.12941905,0.9974)
i: 2200 51.272831201553345

[1417 1180  248  558 5545 1855 5928  577  961  867]
[1417 1180  248  558 5545 1855 5928  577  961  867]
(0.21611825,0.9945)
i: 2400 51.40032911300659

[3410 4128  411 5014 2244]
[3410 4128  411 5014 2244]
(0.14621793,0.9933)
i: 2600 51.475656270980835

[ 775 1424 2011  577 5940 3513]
[ 775 1424 2011  577 5940 3513]
(0.06931872,1.0000)
i: 2800 51.49891018867493

[1199 1144  450  917 4327 2196  280 3472 5355 4918 3582 1140  789  616
 5042]
[1199 1144  450  917 4327 2196  280 3472 5355 4918 3582 1140  789  616
 5042]
(0.14951886,0.9963)
i: 3000 51.67922401428223

[3281 2663 5924  233 1370  622  784 1932 1483  793 3188 3320 1407 2388
 1849 4395 1821 1311 5059 3699]
[3281 2663 5924  233 1370  622  784 1932 1483  793 3188 3320 1407 2388
 1849 4395 1821 1311 5059 3699]
(0.15421848,0.9968)
i: 3200 51.577136754989624

[1124 3918  474 4613 4183 5867  553 3884   86 3883 3207 3114 5335 2249
  295 4324 2892]
[1124 3918  474 4613 4183 5867  553 3884   86 3883 3207 3114 5335 2249
  295 4324 2892]
(0.22831915,0.9927)
i: 3400 51.93411993980408

[3456  964 4212  226 1068 5817 1405 1342 2108]
[3456  964 4212  226 1068 5817 1405 1342 2108]
(0.23721822,0.9874)
i: 3600 51.93151569366455

[3288  297 2922 1513 5635 3578 4274 4785  657 2641]
[3288  297 2922 1513 5635 3578 4274 4785  657 2641]
(0.15161888,0.9878)
i: 3800 51.836708307266235

[3119 4939 4018 2771 3323 4591 1543  573 4177 4555 1957 4193]
[3119 4939 4018 2771 3323 4591 1543  573 4177 4555 1957 4193]
(0.06301833,0.9989)
i: 4000 51.932695627212524

[1931 5093 2545 4132 3436 2180 4547 3429 1266  371 3854 3716 1473 1554]
[1931 5093 2545 4132 3436 2180 4547 3429 1266  371 3854 3716 1473 1554]
(0.18081873,0.9952)
i: 4200 52.00170922279358
epoch: 8 0.16867422

time:1095.72
0.997 0.997 0.997 0.998 0.998 0.997 0.997 0.997 0.996 0.996 0.996 0.996 0.996 0.996 0.996 0.996 0.996 0.995 0.995 0.995 0.995 0.995 0.995 0.995 0.995 0.995 0.995 0.995 0.995 0.995 0.995 0.995 0.995 0.995 0.995 0.995 0.995 0.995 0.995 0.995 0.995 0.995 0.995 0.995 0.995 0.995 0.995 0.995 0.995 0.995 0.995 0.995 0.995 0.995 0.996 0.996 0.996 0.995 0.996 0.996 0.996 0.996 0.996 0.995 0.995 0.995 0.995 0.995 0.995 0.995 0.995 0.995 0.995 0.995 0.995 0.995 0.995 0.995 0.995 0.995 0.995 0.995 0.995 0.995 0.994 0.994 0.994 0.994 0.995 0.994 0.995 0.995 0.995 0.995 0.995 0.995 0.995 0.995 0.995 0.995 0.995 0.995 0.995 0.995 0.995 0.995 0.995 0.995 0.995 0.995 0.995 0.995 0.995 0.995 0.995 0.995 0.995 0.995 0.995 0.995 0.995 0.995 0.995 0.995 0.995 0.995 0.995 0.995 0.995 0.995 0.995 0.995 0.995 0.995 0.995 0.995 0.995 0.995 0.995 0.995 0.995 0.995 0.995 0.995 0.995 0.995 0.995 0.995 0.995 0.995 0.995 0.995 0.995 0.995 0.995 0.995 0.995 0.995 0.995 0.995 0.995 0.995 0.995 0.995 0.995 0.995 0.995 0.995 0.995 0.995 0.995 0.995 0.995 0.995 0.995 0.995 0.995 0.995 0.995 0.995 0.995 0.995 0.995 0.995 0.995 0.995 0.995 0.995 0.995 0.995 0.995 0.995 0.995 0.995 0.995 0.995 0.995 0.995 0.995 0.995 
save to  cnn_bestv1.npy 0.9949576652003217

[3526 1008 3134 3275 1486   21 5373 2745  692  729]
[3526 1008 3134 3275 1486   21 5373 2745  692  729]
(0.10581812,0.9978)
i: 0 2.3763139247894287

[4271 4723  106 1829 5634  211 3766 1528 2587 2856 2023 5122]
[4271 4723  106 1829 5634  211 3766 1528 2587 2856 2023 5122]
(0.09291882,0.9984)
i: 200 49.883747816085815

[4690 1587 2426 1678 5338 3542 4400 3287 3437  391   62 3349 1242 5577
 2950 1298  209 2499]
[4690 1587 2426 1678 5338 3542 4400 3287 3437  391   62 3349 1242 5577
 2950 1298  209 2499]
(0.21591880,0.9941)
i: 400 50.361852169036865

[1048 4450 4215 5227 4777 3758 4005]
[1048 4450 4215 5227 4777 3758 4005]
(0.11381902,0.9974)
i: 600 50.513365268707275

[2718 1237 5217 5287 3103 4189  740 1114  849 1907]
[2718 1237 5217 5287 3103 4189  740 1114  849 1907]
(0.13471817,0.9967)
i: 800 50.65820622444153

[5942 4019  511 3432 1329  764 1167 1597 4772]
[5942 4019  511 3432 1329  764 1167 1597 4772]
(0.12051835,0.9973)
i: 1000 50.66411852836609

[3930 4979  718 2318 3443 2482 3571]
[3930 4979  718 2318 3443 2482 3571]
(0.13731879,0.9904)
i: 1200 51.0153546333313

[1624 2087 1172  282 5716 3983 4428 1181 2982 1629]
[1624 2087 1172  282 5716 3983 4428 1181 2982 1629]
(0.13561821,0.9978)
i: 1400 50.92191004753113

[3456 4400 2937 1093 2480  875 3714   72 2659 2017    1 2476 5345 5504
 1599 2299  871]
[3456 4400 2937 1093 2480  875 3714   72 2659 2017    1 2476 5345 5504
 1599 2299  871]
(0.24081850,0.9870)
i: 1600 50.981685400009155

[ 208 1284 1587 5201 1724 2707 1072 4432 4080 1172 3188 1916 2286 1495]
[ 208 1284 1587 5201 1724 2707 1072 4432 4080 1172 3188 1916 2286 1495]
(0.12831917,0.9974)
i: 1800 50.92706084251404

[1255 5856  669 1468 1491 2012]
[1255 5856  669 1468 1491 2012]
(0.08501771,0.9977)
i: 2000 50.917789697647095

[5133 1593  208 1182 4243 2020  849 1364 3021  790 5179 1127 5354 4991
 2379 5352 2233 2996]
[5133 1593  208 1182 4243 2020  849 1364 3021  790 5179 1127 5354 4991
 2379 5352 2233 2996]
(0.07521944,0.9985)
i: 2200 50.98505234718323

[1171 3715 5639 3072 1212]
[1171 3715 5639 3072 1212]
(0.18391899,0.9910)
i: 2400 51.297515630722046

[4455  385 2660 5349 2159  143 5736 3330 2814 5125 1774  677 4502 2865
 5592 1213 1834]
[4455  385 2660 5349 2159  143 5736 3330 2814 5125 1774  677 4502 2865
 5592 1213 1834]
(0.23201950,0.9856)
i: 2600 51.195873498916626

[1603 4150 4472  460 4675  855 5927 2318 2872]
[1603 4150 4472  460 4675  855 5927 2318 2872]
(0.08701913,0.9984)
i: 2800 51.28783369064331

[ 386 2350 2306 2798 4965  343 5584  367 3352 3084 5373 5527 1113 5317
  985 5946 2731]
[ 386 2350 2306 2798 4965  343 5584  367 3352 3084 5373 5527 1113 5317
  985 5946 2731]
(0.12361860,0.9914)
i: 3000 51.423736572265625

[5461 2770  117  234 1581]
[5461 2770  117  234 1581]
(0.21831732,0.9960)
i: 3200 51.44290328025818

[2748 1754 3627 5476 4682 5462  452 2567 5488]
[2748 1754 3627 5476 4682 5462  452 2567 5488]
(0.08751813,0.9928)
i: 3400 51.511587381362915

[3380  509 1340 5022 5475 3083 2867 5599 1345  630 3115  483 3348 3012
 2729 4255  970 4459  584  638]
[3380  509 1340 5022 5475 3083 2867 5599 1345  630 3115  483 3348 3012
 2729 4255  970 4459  584  638]
(0.12581724,0.9971)
i: 3600 51.61060452461243

[2386 3827 1464 4490  276 4357 5468 4210 5350  561]
[2386 3827 1464 4490  276 4357 5468 4210 5350  561]
(0.08461841,0.9995)
i: 3800 51.8360698223114

[1195 4162 4196 1171 4583 2115 3248 3704 5548 4533 3192 5500 1904]
[1195 4162 4196 1171 4583 2115 3248 3704 5548 4533 3192 5500 1904]
(0.10091918,0.9969)
i: 4000 51.8998441696167

[3970 5120 1161 1452 5438 3078 4847 1486 3156  771 4675  410 3652]
[3970 5120 1161 1452 5438 3078 4847 1486 3156  771 4675  410 3652]
(0.33371861,0.9925)
i: 4200 51.946945905685425
epoch: 9 0.15851001

time:1092.26
0.998 0.997 0.997 0.997 0.998 0.998 0.998 0.998 0.998 0.998 0.998 0.997 0.998 0.998 0.998 0.998 0.997 0.997 0.997 0.997 0.997 0.997 0.997 0.997 0.997 0.997 0.997 0.997 0.997 0.997 0.997 0.997 0.997 0.997 0.997 0.997 0.997 0.997 0.997 0.997 0.997 0.997 0.997 0.997 0.997 0.997 0.997 0.997 0.997 0.996 0.996 0.996 0.996 0.996 0.996 0.996 0.996 0.996 0.996 0.997 0.996 0.996 0.996 0.996 0.996 0.997 0.996 0.996 0.996 0.996 0.996 0.996 0.996 0.996 0.996 0.996 0.996 0.996 0.996 0.996 0.996 0.996 0.996 0.996 0.996 0.996 0.996 0.996 0.996 0.996 0.996 0.996 0.996 0.996 0.996 0.996 0.996 0.996 0.996 0.996 0.996 0.996 0.996 0.996 0.996 0.996 0.996 0.996 0.996 0.996 0.996 0.996 0.996 0.996 0.996 0.996 0.996 0.996 0.996 0.996 0.996 0.996 0.996 0.996 0.996 0.996 0.996 0.996 0.996 0.996 0.996 0.996 0.996 0.996 0.996 0.996 0.996 0.996 0.996 0.996 0.996 0.996 0.996 0.996 0.996 0.996 0.996 0.996 0.996 0.996 0.996 0.996 0.996 0.996 0.996 0.996 0.996 0.996 0.996 0.996 0.996 0.996 0.996 0.996 0.996 0.996 0.996 0.996 0.996 0.996 0.996 0.996 0.996 0.996 0.996 0.996 0.996 0.996 0.996 0.996 0.996 0.996 0.996 0.996 0.996 0.996 0.996 0.996 0.996 0.996 0.996 0.996 0.996 0.996 0.996 0.996 0.996 0.996 0.996 0.996 
save to  cnn_bestv1.npy 0.9957518660543799

[4445  255 2175  999 2037 5411  533 2993 3779 1698 3846]
[4445  255 2175  999 2037 5411  533 2993 3779 1698 3846]
(0.05521816,0.9994)
i: 0 2.463867664337158

[3084 1153 1330 3082 2367 5889 3581 4642  538  402 3820 1782  373 5654
 4033 4763]
[3084 1153 1330 3082 2367 5889 3581 4642  538  402 3820 1782  373 5654
 4033 4763]
(0.31241958,0.9842)
i: 200 49.73908972740173

[3419 3592  227 4738 5908  218 3658 4369 1436 4204 2379]
[3419 3592  227 4738 5908  218 3658 4369 1436 4204 2379]
(0.18211872,0.9957)
i: 400 50.59520387649536

[1581  873  599 4555  983 1054 3801 1638  531 4144 2244 4768 4304 4080
  288  304]
[1581  873  599 4555  983 1054 3801 1638  531 4144 2244 4768 4304 4080
  288  304]
(0.11611816,0.9972)
i: 600 50.60941982269287

[5114 1731 2726 5828 2378  418 3839 3860  543  809 3799 3977]
[5114 1731 2726 5828 2378  418 3839 3860  543  809 3799 3977]
(0.14161832,0.9934)
i: 800 50.732683420181274

[3808 3667 1765 5232 1950 4227 1994 3817 5848 2002 2164 3251 3052  907]
[3808 3667 1765 5232 1950 4227 1994 3817 5848 2002 2164 3251 3052  907]
(0.11041866,0.9941)
i: 1000 50.839679479599

[ 861 5580 3073 3337  729 1762 4321 5177 4904 2865 1333  178]
[ 861 5580 3073 3337  729 1762 4321 5177 4904 2865 1333  178]
(0.06321880,0.9989)
i: 1200 50.96575999259949

[3066 1922 2738 5809 4363 4003 3838 4966 3260 4271  572  930 2953 1392]
[3066 1922 2738 5809 4363 4003 3838 4966 3260 4271  572  930 2953 1392]
(0.11881859,0.9962)
i: 1400 50.915923833847046

[1170 5957 4619 4309 2984 2671]
[1170 5957 4619 4309 2984 2671]
(0.49531930,0.9798)
i: 1600 51.0354323387146

[5513 4991 1096 1153 4859 4428  435 4622 5086 5145 4106  470 5205]
[5513 4991 1096 1153 4859 4428  435 4622 5086 5145 4106  470 5205]
(0.12921814,0.9956)
i: 1800 51.072152853012085

[5077  203 3979 3402 1768]
[5077  203 3979 3402 1768]
(0.07391923,0.9969)
i: 2000 51.33975672721863

[3629  338 4394 1810 2215 2450 2944 5075]
[3629  338 4394 1810 2215 2450 2944 5075]
(0.06421750,0.9989)
i: 2200 51.36012864112854

[1855 1483 2143  724  889 4975  780  107  107 2111  518 4968]
[1855 1483 2143  724  889 4975  780  107  107 2111  518 4968]
(0.07391750,0.9989)
i: 2400 51.33554983139038

[5078 5086 2974 3750 4509 1083 1702 5374   50 3146 4585 2010  872 5148
 4130 5558 4824 1805 4873 3074 3319 2133 4059 3622 2759]
[5078 5086 2974 3750 4509 1083 1702 5374   50 3146 4585 2010  872 5148
 4130 5558 4824 1805 4873 3074 3319 2133 4059 3622 2759]
(0.10521819,0.9978)
i: 2600 51.428462266922

[2535 4880  923 5728 4423 2715 5385 5880 3785 3884  480]
[2535 4880  923 5728 4423 2715 5385 5880 3785 3884  480]
(0.22571720,0.9924)
i: 2800 51.57174324989319

[2411 2097  708 1125 1192 2350 4629  944 1240 2562 3819  359]
[2411 2097  708 1125 1192 2350 4629  944 1240 2562 3819  359]
(0.19401873,0.9952)
i: 3000 51.65859580039978

[3134 4368 2556 2443  504 4600  410 3177 2370 4537 1905 3344 1916 3794
 2390  790 4677  442 4801 5237 5482 2108 2533]
[3134 4368 2556 2443  504 4600  410 3177 2370 4537 1905 3344 1916 3794
 2390  790 4677  442 4801 5237 5482 2108 2533]
(0.51271929,0.9824)
i: 3200 51.67697191238403

[3810 3710 2055 1232 2096 3223 2903]
[3810 3710 2055 1232 2096 3223 2903]
(0.13621838,0.9967)
i: 3400 51.81249761581421

[5592  799  123 3040 2703 4816 5719  982 2680 1310 1868]
[5592  799  123 3040 2703 4816 5719  982 2680 1310 1868]
(0.11011835,0.9913)
i: 3600 51.869468688964844

[4554 5576 5298  555 5099  404 4587 1989 4186 3375 2569 2301 4334]
[4554 5576 5298  555 5099  404 4587 1989 4186 3375 2569 2301 4334]
(0.07061858,0.9984)
i: 3800 51.86949944496155

[5974  336 2509 1218 1276 2174 1977 5299 4846 4487 2455 5819 1931 2739
  375 5251 5148  297 3345]
[5974  336 2509 1218 1276 2174 1977 5299 4846 4487 2455 5819 1931 2739
  375 5251 5148  297 3345]
(0.33991865,0.9898)
i: 4000 51.90220308303833

[3410 3182 2446 5427  450 1872 3772 4484 2241 5306  561 4820  111 4337
 2657 1378]
[3410 3182 2446 5427  450 1872 3772 4484 2241 5306  561 4820  111 4337
 2657 1378]
(0.11851821,0.9973)
i: 4200 52.112833738327026
epoch: 10 0.14979781

time:1095.57
0.996 0.995 0.996 0.996 0.997 0.997 0.997 0.997 0.997 0.997 0.997 0.997 0.997 0.996 0.996 0.996 0.997 0.997 0.997 0.997 0.997 0.997 0.997 0.997 0.997 0.996 0.996 0.997 0.997 0.997 0.997 0.997 0.997 0.997 0.997 0.996 0.996 0.996 0.996 0.996 0.996 0.996 0.996 0.996 0.996 0.996 0.996 0.996 0.996 0.996 0.996 0.996 0.996 0.996 0.996 0.996 0.996 0.996 0.996 0.996 0.996 0.996 0.996 0.996 0.996 0.996 0.996 0.996 0.995 0.995 0.995 0.996 0.996 0.996 0.996 0.996 0.996 0.995 0.995 0.996 0.996 0.996 0.996 0.996 0.996 0.996 0.996 0.996 0.996 0.996 0.996 0.996 0.996 0.996 0.996 0.996 0.996 0.996 0.996 0.996 0.996 0.996 0.996 0.996 0.996 0.996 0.996 0.996 0.996 0.996 0.996 0.996 0.996 0.996 0.996 0.995 0.995 0.996 0.996 0.996 0.996 0.996 0.996 0.996 0.996 0.996 0.995 0.995 0.995 0.995 0.995 0.995 0.995 0.995 0.995 0.995 0.995 0.995 0.995 0.995 0.995 0.995 0.995 0.995 0.995 0.995 0.995 0.995 0.995 0.995 0.995 0.995 0.995 0.995 0.995 0.995 0.995 0.995 0.995 0.995 0.995 0.995 0.995 0.995 0.995 0.995 0.995 0.995 0.995 0.995 0.995 0.995 0.995 0.995 0.995 0.995 0.995 0.995 0.995 0.995 0.995 0.995 0.995 0.995 0.995 0.995 0.995 0.995 0.995 0.996 0.996 0.996 0.996 0.996 0.996 0.996 0.995 0.996 0.995 0.995 

[3901 4150 2878  161 2152 3267 5737  959 1310 1484 3355  685 3844]
[3901 4150 2878  161 2152 3267 5737  959 1310 1484 3355  685 3844]
(0.10651936,0.9979)
i: 0 2.44317626953125

[1999 4756 4187 2668 5509  970 1730 1515 1809 1067 2268 5908]
[1999 4756 4187 2668 5509  970 1730 1515 1809 1067 2268 5908]
(0.09691960,0.9985)
i: 200 49.59679079055786

[2748 5824 5065 1602 3306 1788 3263  710]
[2748 5824 5065 3197 3306 1788 3263  710]
(0.10611850,0.9968)
i: 400 50.24585700035095

[5403   77 3584 5944 1323 5668 3531  585 3930 1370 1333 4602 3217 5356
 5328]
[5403   77 3584 5944 1323 5668 3531  585 3930 1370 1333 4602 3217 5356
 5328]
(0.07751830,0.9989)
i: 600 50.700981855392456

[4392 2850 4768 3936 5887 2467 3515 2584 3377  913]
[4392 2850 4768 3936 5887 2467 3515 2584 3377  913]
(0.03061825,1.0000)
i: 800 50.62384843826294

[4523 4322 1072 4467   95 4576 4692 1593  908 3360 2728]
[4523 4322 1072 4467   95 4576 4692 1593  908 3360 2728]
(0.19331791,0.9966)
i: 1000 50.8043315410614

[1856 5918  495  948 4252 1762  475 4400 4374  386  744 2774]
[1856 5918  495  948 4252 1762  475 4400 4374  386  744 2774]
(0.09071910,0.9937)
i: 1200 50.8187301158905

[3735 4132 5908 4032 2352 3806 5724]
[3735 4132 5908 4032 2352 3806 5724]
(0.08381869,0.9973)
i: 1400 50.99849581718445

[5163 4047 2146  562 4769 1053]
[5163 4047 2146  562 4769 1053]
(0.18821836,0.9973)
i: 1600 50.90595245361328

[4786 2675 4705 1725 2587 5106 2440 1836 4873 3465 2304 5760  448 4701
 1857 3309  245]
[4786 2675 4705 1725 2587 5106 2440 1836 4873 3465 2304 5760  448 4701
 1857 3309  245]
(0.41591830,0.9913)
i: 1800 50.98225021362305

[2685 4842  480  433 4805 1488 5473 4382 2666 3073 2870 3835  558 2039]
[2685 4842  480  433 4805 1488 5473 4382 2666 3073 2870 3835  558 2039]
(0.07781831,0.9989)
i: 2000 51.17090129852295

[5139 3170  672  155  683 4013 4491]
[5139 3170  672  155  683 4013 4491]
(0.08541723,0.9977)
i: 2200 51.19768714904785

[5538 3664 2801 5472 3517  535 5272 2712 4563 3874 3301 2076]
[5538 3664 2801 5472 3517  535 5272 2712 4563 3874 3301 2076]
(0.16731773,0.9927)
i: 2400 51.194177865982056

[3801 3640 4653 2858 5494 1722 2786 4955 2728 3785 4419 3074  847 2443
 2802]
[3801 3640 4653 2858 5494 1722 2786 4955 2728 3785 4419 3074  847 2443
 2802]
(0.03361803,1.0000)
i: 2600 51.201956272125244

[2280 5592 1087  222 1875  593  505 3998 3486  635 4258]
[2280 5592 1087  222 1875  593  505 3998 3486  635 4258]
(0.12941827,0.9934)
i: 2800 51.30271339416504

[2327 3940 4084 4368  397 4924 1056 5942]
[2327 3940 4084 4368  397 4924 1056 5942]
(0.09831861,0.9984)
i: 3000 51.54090404510498

[2051 1562 3012 1952 4672]
[2051 1562 3012 1952 4672]
(0.05851862,0.9989)
i: 3200 51.48594284057617

[ 626 4223 1749 5326  914 5796 2741 5146 1868 1866 1571 2275 2651 2642]
[ 626 4223 1749 5326  914 5796 2741 5146 1868 1866 1571 2275 2651 2642]
(0.08621746,0.9971)
i: 3400 51.71147394180298

[3173 4801  181 2532 1834 5465 4094 3976 4974 5676 3740 2729    9  568
 5497 2628 1783 5592]
[3173 4801  181 2532 1834 5465 4094 3976 4974 5676 3740 2729    9  568
 5497 2628 1783 5592]
(0.21721899,0.9947)
i: 3600 51.73159050941467

[2599 2015 2389  164 1724 4856 1416 1898 5921 1329 4727 4935 5455]
[2599 2015 2389  164 1724 4856 1416 1898 5921 1329 4727 4935 5455]
(0.07971878,0.9984)
i: 3800 51.67722940444946

[1242 1189  573 5369 1689 4375 4596 3625 5235 1322  462 4325 2991 4158
 4783  964 3930]
[1242 1189  573 5369 1689 4375 4596 3625 5235 1322  462 4325 2991 4158
 4783  964 3930]
(0.10391862,0.9979)
i: 4000 51.762596130371094

[ 508 2188 3188 3222 5598 3809 1950 1843 1037 4759]
[ 508 2188 3188 3222 5598 3809 1950 1843 1037 4759]
(0.10491940,0.9985)
i: 4200 51.825435400009155
epoch: 11 0.14136852

time:1092.57
0.996 0.993 0.994 0.995 0.995 0.993 0.993 0.994 0.994 0.994 0.994 0.994 0.994 0.995 0.994 0.995 0.994 0.995 0.995 0.995 0.994 0.995 0.994 0.995 0.995 0.995 0.995 0.995 0.994 0.995 0.995 0.995 0.995 0.994 0.994 0.995 0.994 0.994 0.995 0.995 0.995 0.995 0.995 0.995 0.995 0.995 0.995 0.995 0.995 0.995 0.995 0.995 0.995 0.995 0.995 0.995 0.995 0.995 0.995 0.995 0.995 0.995 0.995 0.995 0.995 0.995 0.995 0.996 0.996 0.996 0.996 0.996 0.996 0.996 0.996 0.996 0.996 0.996 0.996 0.996 0.996 0.996 0.995 0.996 0.996 0.995 0.995 0.995 0.996 0.996 0.996 0.996 0.996 0.996 0.996 0.996 0.996 0.996 0.996 0.996 0.996 0.996 0.996 0.995 0.995 0.996 0.996 0.996 0.996 0.996 0.996 0.996 0.996 0.995 0.995 0.995 0.996 0.996 0.995 0.996 0.996 0.996 0.996 0.996 0.995 0.995 0.995 0.995 0.995 0.995 0.996 0.996 0.995 0.996 0.996 0.996 0.996 0.996 0.996 0.996 0.996 0.996 0.996 0.996 0.996 0.996 0.996 0.996 0.996 0.996 0.996 0.996 0.996 0.996 0.996 0.996 0.996 0.996 0.996 0.996 0.995 0.996 0.995 0.995 0.995 0.995 0.995 0.995 0.995 0.996 0.995 0.995 0.996 0.995 0.995 0.996 0.996 0.996 0.996 0.996 0.996 0.996 0.996 0.996 0.996 0.996 0.996 0.996 0.996 0.996 0.996 0.996 0.996 0.996 0.996 0.996 0.996 0.996 0.996 0.996 

[2519 2501 1259 2148 2386 3250 5908 1517 3761 5440 1954  751 4019 3970
 4788 3571]
[2519 2501 1259 2148 2386 3250 5908 1517 3761 5440 1954  751 4019 3970
 4788 3571]
(0.10211795,0.9928)
i: 0 2.4509999752044678

[2477 4786 1824 2099 1714 5636  192 2548 4739 4966  206  732 3407 5282]
[2477 4786 1824 2099 1714 5636  192 2548 4739 4966  206  732 3407 5282]
(0.06561890,0.9989)
i: 200 49.80195927619934

[4267 1811   40 3381 3068 4335 4851 2345 2382 3107 2946 3195  507 4932]
[4267 1811   40 3381 3068 4335 4851 2345 2382 3107 2946 3195  507 4932]
(0.07981944,0.9979)
i: 400 50.58409023284912

[4808 3381  186  258 3163]
[4808 3381  186  258 3163]
(0.08821851,0.9935)
i: 600 50.73445677757263

[5333 3302 2350 5520 1498 3653 3387 2188  751 1961 4953]
[5333 3302 2350 5520 1498 3653 3387 2188  751 1961 4953]
(0.10161990,0.9990)
i: 800 50.80873489379883

[4398 1250 4917 3064  366 1756 5378 4115 4243]
[4398 1250 4917 3064  366 1756 5378 4115 4243]
(0.09881788,0.9933)
i: 1000 50.866108655929565

[5080  254 4725 5025 3474]
[5080  254 4725 5025 3474]
(0.09071849,0.9973)
i: 1200 51.12579083442688

[1566  465 1118  393 4286 2302 3037 5171 5987 1597]
[1566  465 1118  393 4286 2302 3037 5171 5987 1597]
(0.35941814,0.9950)
i: 1400 51.009071350097656

[  95  468 1617 3702 1233 3061 5025 2555 3808  986 2649 5149 1760 3900
 2761 4479 1305]
[  95  468 1617 3702 1233 3061 5025 2555 3808  986 2649 5149 1760 3900
 2761 4479 1305]
(0.16791876,0.9963)
i: 1600 51.1058087348938

[4895 1722 4892  810 3605 1756 1998]
[4895 1722 4892  810 3605 1756 1998]
(0.12071859,0.9946)
i: 1800 51.10461664199829

[3216 2521 2683 5026 1797 1540]
[3216 2521 2683 5026 1797 1540]
(0.22301977,0.9965)
i: 2000 51.20980477333069

[3452 5669 1954 3094 5306 1807 4640 5605 5674  525 3232  358 3125 2561
 5234  960 4045 4527 3438 5114 5965]
[3452 5669 1954 3094 5306 1807 4640 5605 5674  525 3232  358 3125 2561
 5234  960 4045 4527 3438 5114 5965]
(0.10231865,0.9979)
i: 2200 51.359190464019775

[1131 5106  504 3446  317 1467 4482 4586 5708 3519 2967 2420 1022 5143
 1528]
[1131 5106  504 3446  317 1467 4482 4586 5708 3519 2967 2420 1022 5143
 1528]
(0.14171953,0.9974)
i: 2400 51.42363929748535

[5626  666 2464 4368 4824 3323 1571 1684  246 4514 4898 2156 2471  606
  467 1241 4871]
[5626  666 2464 4368 4824 3323 1571 1684  246 4514 4898 2156 2471  606
  467 1241 4871]
(0.05361841,0.9995)
i: 2600 51.46770405769348

[1126 2640 2446 2398 1253  803 1075 5250 1529]
[1126 2640 2446 2398 1253  803 1075 5250 1529]
(0.13941893,0.9963)
i: 2800 51.59797215461731

[3108 3934 4656 3319 4520 5037 5106 1404  751  229 5507 1373  835 1166
  962]
[3108 3934 4656 3319 4520 5037 5106 1404  751  229 5507 1373  835 1166
  962]
(0.05631895,0.9989)
i: 3000 51.65627074241638

[1899 2600 4320 1618 3962 1539 3457 1324]
[1899 2600 4320 1618 3962 1539 3457 1324]
(0.06491822,0.9989)
i: 3200 51.99549341201782

[2149 2959 3593 5176 4347 5094 1662  314 1824 3186  122 3094 5203  190
 4997 4574 2222 4820]
[2149 2959 3593 5176 4347 5094 1662  314 1824 3186  122 3094 5203  190
 4997 4574 2222 4820]
(0.08681918,0.9990)
i: 3400 52.37753462791443

[2909 2635 5352 3214 1189 1519 3889 5355 3143  949 2634 2979 5019 1919]
[2909 2635 5352 3214 1189 1519 3889 5355 3143  949 2634 2979 5019 1919]
(0.09381815,0.9972)
i: 3600 52.70288705825806

[3354  579 1656 5503 2925]
[3354  579 1656 5503 2925]
(0.12001962,0.9944)
i: 3800 52.21889400482178

[4492 3475 4763 4604 4499 4726 1218]
[4492 3475 4763 4604 4499 4726 1218]
(0.24011879,0.9830)
i: 4000 52.02314829826355

[5850 1333 3958 3293 5062 5349 2086  511]
[5850 1333 3958 3293 5062 5349 2086  511]
(0.68531860,0.9855)
i: 4200 52.505284547805786
epoch: 12 0.13486043

time:1098.86
0.994 0.996 0.997 0.997 0.997 0.997 0.997 0.996 0.996 0.996 0.996 0.996 0.997 0.996 0.996 0.996 0.996 0.996 0.996 0.996 0.996 0.996 0.996 0.996 0.997 0.996 0.996 0.997 0.997 0.997 0.996 0.996 0.996 0.996 0.996 0.997 0.996 0.996 0.996 0.996 0.996 0.997 0.997 0.997 0.997 0.997 0.997 0.997 0.997 0.997 0.997 0.996 0.996 0.996 0.996 0.996 0.996 0.996 0.996 0.996 0.996 0.996 0.996 0.996 0.996 0.996 0.996 0.996 0.996 0.996 0.996 0.996 0.996 0.996 0.996 0.996 0.996 0.996 0.996 0.996 0.996 0.996 0.996 0.996 0.996 0.996 0.996 0.996 0.996 0.996 0.996 0.996 0.996 0.996 0.996 0.996 0.996 0.996 0.996 0.996 0.996 0.996 0.996 0.996 0.996 0.996 0.996 0.996 0.996 0.996 0.996 0.996 0.996 0.996 0.996 0.996 0.996 0.996 0.996 0.996 0.996 0.996 0.996 0.996 0.996 0.996 0.996 0.996 0.996 0.996 0.996 0.996 0.996 0.996 0.996 0.996 0.996 0.996 0.996 0.996 0.996 0.996 0.996 0.996 0.996 0.996 0.996 0.996 0.996 0.996 0.996 0.996 0.996 0.996 0.996 0.996 0.996 0.996 0.996 0.996 0.996 0.996 0.996 0.996 0.996 0.996 0.996 0.996 0.996 0.996 0.996 0.996 0.996 0.996 0.996 0.996 0.996 0.996 0.996 0.996 0.996 0.996 0.996 0.996 0.996 0.996 0.996 0.996 0.996 0.996 0.996 0.996 0.996 0.996 0.996 0.996 0.996 0.996 0.996 0.996 

[5866 4139 2749 5759 2865 1710 2854 3428 4408 1166 3311 1099]
[5866 4139 2749 5759 2865 1710 2854 3428 4408 1166 3311 1099]
(0.18831901,0.9953)
i: 0 2.427434206008911

[5449 4924 1686 5250 5651 2250  482 5363 4195 5079]
[5449 4924 1686 5250 5651 2250  482 5363 4195 5079]
(0.05721784,0.9994)
i: 200 50.033429861068726

[4689  692 3131 4919 1181 4305 5262 4003  255]
[4689  692 3131 4919 1181 4305 5262 4003  255]
(0.08611902,0.9984)
i: 400 50.540568351745605

[1112  228 4330 4620 4424  489 5858  987 2363 2578 4654  952 1558 4993
 1277]
[1112  228 4330 4620 4424  489 5858  987 2363 2578 4654  952 1558 4993
 1277]
(0.08491897,0.9963)
i: 600 50.814693450927734

[4901 5227 3830 5619 2863 3722 1877 3524 2460 2403]
[4901 5227 3830 5619 2863 3722 1877 3524 2460 2403]
(0.11721967,0.9980)
i: 800 50.93624258041382

[4962 2859 3117 4025 3371 2451 2833 3706 5479 1437 2981  726 2445 4057
 2357]
[4962 2859 3117 4025 3371 2451 2833 3706 5479 1437 2981  726 2445 4057
 2357]
(0.07011834,0.9984)
i: 1000 51.00868558883667

[4115 1753 5526 4572 2707 2582 4814 3554 1877 2175 1197 5754  464 5409
 5420 2105 1786]
[4115 1753 5526 4572 2707 2582 4814 3554 1877 2175 1197 5754  464 5409
 5420 2105 1786]
(0.08161812,0.9983)
i: 1200 51.04955577850342

[1855 2395  693 4350 4259]
[1855 2395  693 4350 4259]
(0.14891870,0.9904)
i: 1400 51.07938313484192

[ 825 3833 4332 3983 2447  790  475 3807 5041 4966 2279 4212 1442 1315
  178 1178 1051 2304 3242 5515]
[ 825 3833 4332 3983 2447  790  475 3807 5041 4966 2279 4212 1442 1315
  178 1178 1051 2304 3242 5515]
(0.11011958,0.9980)
i: 1600 51.19171452522278

[3880 1144 4026 4575 2714 3583 2460 1591 4720]
[3880 1144 4026 4575 2714 3583 2460 1591 4720]
(0.16071823,0.9962)
i: 1800 51.25326895713806

[1399 2741 3473 4414 1451 1191 2320  469  509 2456 5410 2207]
[1399 2741 3473 4414 1451 1191 2320  469  509 2456 5410 2207]
(0.06801880,0.9989)
i: 2000 51.562474489212036

[5659 5335 1266 1468  373 4655 3605 1090 2407 5960 5162 4149 3676]
[5659 5335 1266 1468  373 4655 3605 1090 2407 5960 5162 4149 3676]
(0.80681839,0.9848)
i: 2200 51.473185539245605

[1803 2420 3667 4451 3844 2191 5771]
[1803 2420 3667 4451 3844 2191 5771]
(0.20682013,0.9886)
i: 2400 51.59977602958679

[1024 3082 5747 5173  189 3884 2332  334 3263  795   93 1499]
[1024 3082 5747 5173  189 3884 2332  334 3263  795   93 1499]
(0.06201812,0.9989)
i: 2600 51.73976016044617

[4176 2869 4187  232 3768 1602 3144 1648 3979 4219 2701 4913 3829]
[4176 2869 4187  232 3768 1602 3144 1648 3979 4219 2701 4913 3829]
(0.13941890,0.9910)
i: 2800 51.78307032585144

[1289  960 1079 3989 3763 3092 2313 3358 3720 4568 3821  655 5579  567
 2953 3855 4482]
[1289  960 1079 3989 3763 3092 2313 3358 3720 4568 3821  655 5579  567
 2953 3855 4482]
(0.09761871,0.9979)
i: 3000 51.8060998916626

[ 915 3726 4871 2384 3358  900 1257 2784 2250 5186  608 4918  202 3080
 1900 3625 3721 4664 3149]
[ 915 3726 4871 2384 3358  900 1257 2784 2250 5186  608 4918  202 3080
 1900 3625 3721 4664 3149]
(0.07661797,0.9922)
i: 3200 51.80869746208191

[2279 2994 2147  540 1401 1349 2435 4881 5006 5807 5645  303 3635 4895
 3389 1199  286 2464 1996 5398 4985]
[2279 2994 2147  540 1401 1349 2435 4881 5006 5807 5645  303 3635 4895
 3389 1199  286 2464 1996 5398 4985]
(0.07971779,0.9949)
i: 3400 51.881317377090454

[5088 4899 1256  450 5973]
[5088 4899 1256  450 5973]
(0.27461938,0.9954)
i: 3600 51.886021852493286

[ 377 5552 4975  469  372  689 1443  270 1524  106 2143 1213  450  780
  248 2202  270 1213  780  146  420  242]
[ 377 5552 4975  469  372  689 1443  270 1524  106 2143 1213  450  780
  248 2202  270 1213  780  146  420  242]
(0.07011899,0.9995)
i: 3800 51.905590772628784

[4941  255 2926 2616 1583 5890 3531 3915  163 2645 4869 5622 5760 5952
 3150 1235 3597 4242]
[4941  255 2926 2616 1583 5890 3531 3915  163 2645 4869 5622 5760 5952
 3150 1235 3597 4242]
(0.37681925,0.9917)
i: 4000 52.147754430770874

[ 147  386 1627 1192 3431 2615  569 3392 2122 1572 2321 3489  176 4509
 3337 2133]
[ 147  386 1627 1192 3431 2615  569 3392 2122 1572 2321 3489  176 4509
 3337 2133]
(0.09551890,0.9974)
i: 4200 52.10438776016235
epoch: 13 0.12832603

time:1098.72
0.996 0.997 0.994 0.995 0.996 0.996 0.996 0.997 0.996 0.996 0.996 0.996 0.996 0.996 0.996 0.996 0.996 0.996 0.996 0.997 0.996 0.997 0.996 0.996 0.996 0.996 0.996 0.996 0.996 0.996 0.996 0.996 0.996 0.996 0.996 0.996 0.996 0.996 0.996 0.996 0.996 0.996 0.996 0.996 0.996 0.996 0.996 0.996 0.996 0.996 0.996 0.996 0.996 0.996 0.996 0.996 0.996 0.996 0.996 0.996 0.996 0.996 0.996 0.996 0.996 0.996 0.996 0.996 0.996 0.996 0.996 0.996 0.996 0.996 0.996 0.996 0.996 0.996 0.996 0.996 0.996 0.996 0.996 0.996 0.996 0.996 0.996 0.996 0.996 0.996 0.996 0.996 0.996 0.996 0.996 0.996 0.996 0.996 0.996 0.996 0.996 0.996 0.996 0.996 0.996 0.996 0.996 0.996 0.996 0.996 0.996 0.996 0.996 0.996 0.996 0.996 0.996 0.996 0.996 0.996 0.996 0.996 0.996 0.996 0.996 0.996 0.996 0.996 0.996 0.996 0.996 0.996 0.996 0.996 0.996 0.996 0.996 0.996 0.996 0.996 0.996 0.996 0.996 0.996 0.996 0.996 0.996 0.996 0.996 0.996 0.996 0.996 0.996 0.996 0.996 0.996 0.996 0.996 0.996 0.996 0.996 0.996 0.996 0.996 0.996 0.996 0.996 0.996 0.996 0.996 0.996 0.996 0.996 0.996 0.996 0.996 0.996 0.996 0.996 0.996 0.996 0.996 0.996 0.996 0.996 0.996 0.996 0.996 0.996 0.996 0.996 0.996 0.996 0.996 0.996 0.996 0.996 0.996 0.996 0.996 
save to  cnn_bestv1.npy 0.9959126430101142

[2126 3131 2002 4581 4076 3929 1314 5382 2347 2500 2539  261]
[2126 3131 2002 4581 4076 3929 1314 5382 2347 2500 2539  261]
(0.06111785,0.9994)
i: 0 2.5263772010803223

[2589 3612 2046 2790  633 3147 4288 4025 3111 3861 2006 2838 2159 1390]
[2589 3612 2046 2790  633 3147 4288 4025 3111 3861 2006 2838 2159 1390]
(0.04491773,0.9994)
i: 200 49.7056667804718

[1088 3024 1446 5593 2616  683 4464 1462  693 3202   74 2328 3259 2187]
[1088 3024 1446 5593 2616  683 4464 1462  693 3202   74 2328 3259 2187]
(0.22011845,0.9962)
i: 400 50.235589027404785

[1693 1006 1417 4975  450 2224 5552  106  577 1524 1483  111 1443 5552
  991 2146  575 1006  107 4968 4975  377  633   86  575]
[1693 1006 1417 4975  450 2224 5552  106  577 1524 1483  111 1443 5552
  991 2146  575 1006  107 4968 4975  377  633   86  575]
(0.18811806,0.9945)
i: 600 50.58205533027649

[4465 3176 4020 1905 3113 4175 2577 1936  866 4266 2906 3438 1080 4434
 5551 4143 4433 3322 2365 5557]
[4465 3176 4020 1905 3113 4175 2577 1936  866 4266 2906 3438 1080 4434
 5551 4143 4433 3322 2365 5557]
(0.12341963,0.9975)
i: 800 50.69912052154541

[ 189 3906  405 3265 3768 3789 2409 3056  572  454 5294 4786 1249]
[ 189 3906  405 3265 3768 3789 2409 3056  572  454 5294 4786 1249]
(0.04411948,1.0000)
i: 1000 50.82160568237305

[1861 4829 4290 1782 5576 4028 3854 1083  653 3511 5823 2502 5935 1006
 1081 1837 4488  989 4920 4824]
[1861 4829 4290 1782 5576 4028 3854 1083  653 3511 5823 2502 5935 1006
 1081 1837 4488  989 4920 4824]
(0.13011869,0.9973)
i: 1200 50.87012839317322

[5219 4824 1977 5911 4196 1748 4672 1831 3459 3557]
[5219 4824 1977 5911 4196 1748 4672 1831 3459 3557]
(0.05931801,0.9989)
i: 1400 50.876314640045166

[3849 1694 3799 3345 1028 5069 3950  865 2326 2726 4185  214 2826]
[3849 1694 3799 3345 1028 5069 3950  865 2326 2726 4185  214 2826]
(0.09911856,0.9968)
i: 1600 51.222227573394775

[4451 4613  427  130 3779 5678 4253 2102  684 1326]
[4451 4613  427  130 3779 5678 4253 2102  684 1326]
(0.27331832,0.9864)
i: 1800 51.14175605773926

[3477 2941 1212 5132 4430 4758 2168 4328 3294   27 3001 1924 4289 2099]
[3477 2941 1212 5132 4430 4758 2168 4328 3294   27 3001 1924 4289 2099]
(0.06391828,0.9995)
i: 2000 51.20032000541687

[1618 2006 3801 1900 1211 4878 1032 3411   95]
[1618 2006 3801 1900 1211 4878 1032 3411   95]
(0.04731847,0.9995)
i: 2200 51.28269958496094

[2526 1203 1476 2968 2662]
[2526 1203 1476 2968 2662]
(0.12591779,0.9978)
i: 2400 51.356974601745605

[ 861 5541 5258 2336 4599 3902 3098 5944 3942 4658 1199 5598 1264]
[ 861 5541 5258 2336 4599 3902 3098 5944 3942 4658 1199 5598 1264]
(0.03741824,0.9995)
i: 2600 51.41331195831299

[3503 4056   92 5163 3633 3734  751  869 5949  162 3877]
[3503 4056   92 5163 3633 3734  751  869 5949  162 3877]
(0.06851786,0.9972)
i: 2800 51.44087529182434

[4465 2506 1456 5541 4717 2260   49]
[4465 2506 1456 5541 4717 2260   49]
(0.20441858,0.9952)
i: 3000 51.552916049957275

[ 996 1928 2947 2365 2683 3987 2359 5590 5776 3123 2838 2679  426]
[ 996 1928 2947 2365 2683 3987 2359 5590 5776 3123 2838 2679  426]
(0.08511945,0.9985)
i: 3200 51.794100522994995

[ 577 1767 1006 1417  867  577  107 2035  577  555  106 3317 1483]
[ 577 1767 1006 1417  867  577  107 2035  577  555  106 3317 1483]
(0.12611908,0.9974)
i: 3400 51.68921113014221

[1616  493  248 1029 5113 5548  856 5940  408 4006 3599  759 5546]
[1616  493  248 1029 5113 5548  856 5940  408 4006 3599  759 5546]
(0.06631740,0.9891)
i: 3600 51.74722385406494

[2611  316  161 3516 1367 4583 4337 5610 4683 1797 1057]
[2611  316  161 3516 1367 4583 4337 5610 4683 1797 1057]
(0.13531880,0.9963)
i: 3800 51.86720633506775

[2691 2065 4722  686 4615 1928 1934 2974 1589 4032 4772]
[2691 2065 4722  686 4615 1928 1934 2974 1589 4032 4772]
(0.06152013,0.9995)
i: 4000 52.67771863937378

[1443 2880 2224 5928 1223 2035  724 5545  139 1213 1350 1213 1350]
[1443 2880 2224 5928 1223 2035  724 5545  139 1213 1350 1213 1350]
(0.03671840,0.9995)
i: 4200 52.02449607849121
epoch: 14 0.12314463

time:1095.36
0.992 0.995 0.994 0.995 0.995 0.996 0.996 0.994 0.994 0.995 0.995 0.995 0.996 0.996 0.996 0.996 0.996 0.996 0.996 0.996 0.996 0.996 0.996 0.996 0.996 0.996 0.996 0.996 0.996 0.996 0.996 0.996 0.996 0.996 0.996 0.996 0.996 0.996 0.996 0.996 0.996 0.996 0.996 0.996 0.996 0.996 0.996 0.996 0.996 0.996 0.996 0.996 0.996 0.996 0.996 0.996 0.996 0.996 0.996 0.996 0.996 0.996 0.996 0.996 0.996 0.996 0.996 0.996 0.996 0.997 0.997 0.997 0.996 0.997 0.997 0.997 0.997 0.996 0.996 0.996 0.996 0.996 0.996 0.996 0.996 0.996 0.996 0.996 0.996 0.996 0.996 0.996 0.996 0.996 0.996 0.996 0.996 0.996 0.996 0.996 0.996 0.996 0.996 0.996 0.996 0.996 0.996 0.996 0.996 0.996 0.996 0.996 0.996 0.996 0.996 0.996 0.996 0.996 0.996 0.996 0.996 0.996 0.996 0.996 0.996 0.996 0.996 0.996 0.996 0.996 0.996 0.996 0.996 0.996 0.996 0.996 0.996 0.996 0.996 0.996 0.996 0.996 0.996 0.996 0.996 0.996 0.996 0.996 0.996 0.996 0.996 0.996 0.996 0.996 0.996 0.996 0.996 0.996 0.996 0.996 0.996 0.996 0.996 0.996 0.996 0.996 0.996 0.996 0.996 0.996 0.996 0.996 0.996 0.996 0.996 0.996 0.996 0.996 0.996 0.996 0.996 0.996 0.996 0.996 0.996 0.996 0.996 0.996 0.996 0.996 0.996 0.996 0.996 0.996 0.996 0.996 0.996 0.996 0.996 0.996 
save to  cnn_bestv1.npy 0.99616


